11 0.01125 0.016885553470919325 0.02125 0.03189493433395872
11 0.01 0.0150093808630394 0.02 0.0300187617260788
11 0.1125 0.0150093808630394 0.04 0.0300187617260788
11 0.09125 0.0150093808630394 0.04125 0.0300187617260788
11 0.12875 0.0150093808630394 0.04 0.0300187617260788
11 0.01 0.016885553470919325 0.02 0.03189493433395872
11 0.01 0.0150093808630394 0.02 0.0300187617260788
11 0.01 0.016885553470919325 0.02 0.03189493433395872
11 0.01 0.016885553470919325 0.02 0.03189493433395872
11 0.01 0.0150093808630394 0.02 0.0300187617260788
11 0.01 0.016885553470919325 0.02 0.03189493433395872
11 0.0475 0.0150093808630394 0.04125 0.0300187617260788
11 0.13625 0.016885553470919325 0.0425 0.03377110694183865
11 0.425 0.016885553470919325 0.04375 0.03189493433395872
11 0.55 0.016885553470919325 0.0425 0.03189493433395872
11 0.01125 0.016885553470919325 0.02125 0.03189493433395872
11 0.0475 0.016885553470919325 0.04125 0.03189493433395872
11 0.015 0.016885553470919325 0.03 0.03189493433395872
11 0.01125 0.016885553470919325 0.02125 0.03189493433395872
11 0.01125 0.016885553470919325 0.02125 0.03189493433395872
11 0.01875 0.016885553470919325 0.03625 0.03189493433395872
11 0.01125 0.016885553470919325 0.02125 0.03189493433395872
11 0.74375 0.016885553470919325 0.0425 0.03189493433395872
4 0.865 0.01876172607879925 0.03125 0.03564727954971857
4 0.93375 0.016885553470919325 0.03375 0.03189493433395872
4 0.90125 0.016885553470919325 0.0325 0.03189493433395872
7 0.68625 0.0225140712945591 0.0175 0.043151969981238276
7 0.73125 0.020637898686679174 0.01625 0.039399624765478425
7 0.62875 0.005628517823639775 0.05 0.01125703564727955
7 0.44 0.016885553470919325 0.0175 0.03189493433395872
7 0.42 0.016885553470919325 0.01375 0.03377110694183865
7 0.34125 0.016885553470919325 0.0175 0.03189493433395872
7 0.34875 0.0075046904315197 0.0525 0.0150093808630394
7 0.245 0.009380863039399626 0.05375 0.016885553470919325
7 0.27125 0.0075046904315197 0.02625 0.013133208255159476
7 0.1775 0.0075046904315197 0.02875 0.013133208255159476
7 0.0475 0.020637898686679174 0.02375 0.04127579737335835
7 0.00375 0.01876172607879925 0.00625 0.0375234521575985
7 0.00375 0.013133208255159476 0.0075 0.024390243902439025
7 0.25375 0.0075046904315197 0.0375 0.0150093808630394
7 0.29 0.0075046904315197 0.03625 0.013133208255159476
7 0.27125 0.0075046904315197 0.09125 0.0150093808630394
4 0.2875 0.013133208255159476 0.05 0.02626641651031895
4 0.28875 0.0150093808630394 0.04625 0.028142589118198873
4 0.28875 0.013133208255159476 0.04875 0.024390243902439025
4 0.00875 0.016885553470919325 0.01625 0.03377110694183865
4 0.00875 0.016885553470919325 0.01625 0.03189493433395872
4 0.0125 0.013133208255159476 0.025 0.024390243902439025
7 0.005 0.02626641651031895 0.01 0.05065666041275797
7 0.0175 0.0075046904315197 0.03375 0.0150093808630394
7 0.02375 0.0075046904315197 0.04625 0.013133208255159476
7 0.02125 0.0075046904315197 0.0425 0.013133208255159476
7 0.01 0.0075046904315197 0.02 0.013133208255159476
5 0.01 0.016885553470919325 0.01875 0.03189493433395872
1 0.01 0.016885553470919325 0.02 0.03189493433395872
5 0.01125 0.013133208255159476 0.0225 0.024390243902439025
5 0.00875 0.013133208255159476 0.01625 0.024390243902439025
5 0.00875 0.013133208255159476 0.01625 0.02626641651031895
5 0.00875 0.0150093808630394 0.01625 0.0300187617260788
5 0.0075 0.0150093808630394 0.015 0.028142589118198873
5 0.00875 0.013133208255159476 0.0175 0.02626641651031895
5 0.01125 0.0150093808630394 0.02125 0.028142589118198873
5 0.02875 0.0150093808630394 0.0375 0.0300187617260788
5 0.295 0.0150093808630394 0.04375 0.0300187617260788
5 0.30125 0.0150093808630394 0.05 0.0300187617260788
5 0.26125 0.01876172607879925 0.03875 0.0375234521575985
5 0.1075 0.0150093808630394 0.0375 0.028142589118198873
4 0.35625 0.013133208255159476 0.05375 0.024390243902439025
4 0.0125 0.01125703564727955 0.025 0.020637898686679174
5 0.00875 0.013133208255159476 0.0175 0.02626641651031895
4 0.0075 0.020637898686679174 0.015 0.039399624765478425
5 0.00875 0.013133208255159476 0.0175 0.02626641651031895
5 0.00875 0.016885553470919325 0.0175 0.03189493433395872
4 0.00875 0.020637898686679174 0.01625 0.039399624765478425
5 0.34875 0.013133208255159476 0.03625 0.024390243902439025
5 0.63125 0.013133208255159476 0.03 0.024390243902439025
1 0.245 0.0150093808630394 0.0375 0.0300187617260788
5 0.4975 0.013133208255159476 0.03625 0.024390243902439025