11 0.01 0.849906191369606 0.02 0.06378986866791744
11 0.01 0.8480300187617261 0.02 0.0675422138836773
11 0.01 0.1425891181988743 0.02 0.0675422138836773
11 0.01 0.1425891181988743 0.02 0.06378986866791744
4 0.01125 0.10694183864915573 0.02125 0.0525328330206379
4 0.00875 0.020637898686679174 0.01625 0.04127579737335835
4 0.00875 0.016885553470919325 0.01625 0.03377110694183865
4 0.01125 0.013133208255159476 0.0225 0.024390243902439025
4 0.01125 0.9380863039399625 0.0225 0.05628517823639775
7 0.02125 0.6829268292682927 0.04125 0.03189493433395872
7 0.01625 0.9399624765478424 0.0325 0.02626641651031895