11 0.01125 0.016885553470919325 0.02125 0.03189493433395872
11 0.01 0.0150093808630394 0.02 0.0300187617260788
11 0.1125 0.0150093808630394 0.04 0.0300187617260788
11 0.09125 0.0150093808630394 0.04125 0.0300187617260788
11 0.13 0.2401500938086304 0.04125 0.06191369606003752
11 0.01 0.24953095684803 0.02 0.06378986866791744
11 0.01 0.2626641651031895 0.02 0.06191369606003752
11 0.01 0.7035647279549718 0.02 0.06566604127579738
11 0.01 0.7035647279549718 0.02 0.06566604127579738
11 0.01 0.7035647279549718 0.02 0.06191369606003752
11 0.13625 0.701688555347092 0.0425 0.06941838649155722
11 0.42625 0.5272045028142589 0.04375 0.06566604127579738
11 0.55 0.016885553470919325 0.0425 0.03189493433395872
4 0.865 0.9812382739212008 0.03125 0.0375234521575985
4 0.93375 0.016885553470919325 0.03375 0.03189493433395872
4 0.90125 0.9118198874296435 0.0325 0.0675422138836773
7 0.6875 0.36397748592870544 0.0175 0.08818011257035648
7 0.73125 0.020637898686679174 0.01625 0.039399624765478425
7 0.62875 0.005628517823639775 0.05 0.01125703564727955
7 0.44 0.016885553470919325 0.0175 0.03189493433395872
7 0.42 0.016885553470919325 0.01375 0.03377110694183865
7 0.34875 0.926829268292683 0.0525 0.0300187617260788
7 0.27125 0.9530956848030019 0.0275 0.028142589118198873
7 0.1775 0.9305816135084428 0.02875 0.028142589118198873
7 0.0475 0.020637898686679174 0.02375 0.04127579737335835
7 0.00375 0.01876172607879925 0.00625 0.0375234521575985
7 0.00375 0.0525328330206379 0.0075 0.0525328330206379
5 0.00875 0.8217636022514071 0.01625 0.05065666041275797
5 0.00875 0.6416510318949343 0.01625 0.054409005628517824
5 0.00875 0.10318949343339587 0.01625 0.06378986866791744
5 0.0075 0.0150093808630394 0.015 0.028142589118198873
5 0.00875 0.02626641651031895 0.0175 0.05065666041275797
5 0.01125 0.5534709193245778 0.02125 0.058161350844277676
5 0.02875 0.5553470919324578 0.0375 0.06378986866791744
5 0.29625 0.5234521575984991 0.04375 0.0600375234521576
5 0.30125 0.19887429643527205 0.05 0.06191369606003752
5 0.26125 0.028142589118198873 0.03875 0.054409005628517824
5 0.1075 0.0225140712945591 0.0375 0.0450281425891182
4 0.35625 0.4090056285178236 0.0525 0.05065666041275797
4 0.0125 0.5928705440900562 0.025 0.0450281425891182
5 0.00875 0.3133208255159475 0.0175 0.054409005628517824
4 0.0075 0.039399624765478425 0.015 0.07879924953095685
4 0.254874525 0.8521863921200751 0.2593172925 0.8640124033771107 0.3114777 0.8589117692307693 0.3116209625 0.8070049774859287 0.26254843 0.8094308161350844 0.2633561975 0.820650373358349 0.254874525 0.8521863921200751
4 0.31121706125 0.7976048048780487 0.31081316000000003 0.7415070712945592 0.25452080875 0.7438657148217637 0.25426869 0.770617253283302 0.264567865 0.788204660412758 0.264567865 0.799424191369606 0.31121706125 0.7976048048780487
5 0.00875 0.013133208255159476 0.0175 0.02626641651031895
5 0.00875 0.016885553470919325 0.0175 0.03189493433395872
4 0.00875 0.020637898686679174 0.01625 0.039399624765478425
5 0.34875 0.013133208255159476 0.03625 0.024390243902439025
5 0.63125 0.013133208255159476 0.03 0.024390243902439025
1 0.245 0.0150093808630394 0.0375 0.0300187617260788