11 0.5875 0.016885553470919325 0.04375 0.03189493433395872
11 0.8625 0.0150093808630394 0.0425 0.0300187617260788
11 0.6975 0.016885553470919325 0.04 0.03189493433395872
11 0.50375 0.0150093808630394 0.04125 0.0300187617260788
11 0.49625 0.016885553470919325 0.04125 0.03189493433395872
11 0.94625 0.016885553470919325 0.04 0.03189493433395872
11 0.7 0.0150093808630394 0.0425 0.0300187617260788
11 0.58375 0.016885553470919325 0.04125 0.03189493433395872
11 0.58375 0.016885553470919325 0.0425 0.03189493433395872
11 0.995 0.016885553470919325 0.01 0.03189493433395872
11 0.6375 0.016885553470919325 0.0425 0.03189493433395872
11 0.6425 0.016885553470919325 0.0425 0.03189493433395872
11 0.99625 0.016885553470919325 0.00625 0.03189493433395872
11 0.2125 0.5065666041275797 0.04375 0.06566604127579738
7 0.6575 0.01876172607879925 0.01375 0.0375234521575985
7 0.64375 0.013133208255159476 0.01625 0.024390243902439025
4 0.9075 0.3320825515947467 0.03375 0.0675422138836773
4 0.5325 0.33583489681050654 0.035 0.06566604127579738
4 0.365 0.013133208255159476 0.05 0.024390243902439025
7 0.0825 0.3170731707317073 0.02125 0.10318949343339587
7 0.05 0.0075046904315197 0.07 0.0150093808630394
7 0.38625 0.0075046904315197 0.095 0.013133208255159476
7 0.38375 0.0075046904315197 0.08625 0.013133208255159476
7 0.0725 0.6829268292682927 0.0425 0.02626641651031895
5 0.0775 0.7898686679174484 0.03875 0.06566604127579738
1 0.01 0.5590994371482176 0.02 0.06566604127579738
5 0.075 0.013133208255159476 0.0475 0.024390243902439025
5 0.3625 0.013133208255159476 0.035 0.024390243902439025
5 0.35875 0.013133208255159476 0.0325 0.02626641651031895
5 0.355 0.0150093808630394 0.035 0.0300187617260788
5 0.35875 0.0150093808630394 0.03125 0.028142589118198873
5 0.74125 0.013133208255159476 0.0375 0.02626641651031895
5 0.66625 0.0150093808630394 0.04375 0.028142589118198873
4 0.365 0.01125703564727955 0.0525 0.020637898686679174
5 0.35625 0.013133208255159476 0.035 0.02626641651031895
4 0.935 0.020637898686679174 0.03125 0.039399624765478425
5 0.35875 0.013133208255159476 0.035 0.02626641651031895
5 0.485 0.016885553470919325 0.03625 0.03189493433395872
4 0.705 0.020637898686679174 0.0325 0.039399624765478425