11 0.01125 0.6341463414634146 0.02125 0.0675422138836773
11 0.01 0.6341463414634146 0.02 0.06378986866791744
11 0.1125 0.8198874296435272 0.04 0.06191369606003752
11 0.09125 0.4803001876172608 0.04125 0.06191369606003752
11 0.55125 0.8855534709193246 0.0425 0.06378986866791744
4 0.93375 0.3058161350844278 0.035 0.06566604127579738
7 0.7325 0.8480300187617261 0.015 0.08067542213883677
7 0.62875 0.7879924953095685 0.05125 0.024390243902439025
7 0.44 0.6679174484052532 0.0175 0.06378986866791744
7 0.42 0.6604127579737336 0.015 0.07129455909943715
7 0.0475 0.7654784240150094 0.02375 0.08442776735459662
7 0.00375 0.9287054409005628 0.00625 0.07879924953095685
5 0.0075 0.8555347091932458 0.015 0.05628517823639775
5 0.00875 0.99812382739212 0.0175 0.001876172607879925
5 0.26125 0.9887429643527205 0.03875 0.020637898686679174
5 0.1075 0.9934333958724203 0.0375 0.013133208255159476
4 0.0075 0.99906191369606 0.015 0.001876172607879925
5 0.00875 0.39587242026266417 0.0175 0.054409005628517824
5 0.00875 0.30206378986866794 0.0175 0.06378986866791744
4 0.00875 0.3076923076923077 0.01625 0.08067542213883677
5 0.34875 0.2964352720450281 0.03625 0.05065666041275797
5 0.6325 0.350844277673546 0.03 0.05065666041275797
1 0.245 0.5666041275797373 0.0375 0.0600375234521576