11 0.5875 0.016885553470919325 0.04375 0.03189493433395872
11 0.8625 0.0150093808630394 0.0425 0.0300187617260788
11 0.6975 0.016885553470919325 0.04 0.03189493433395872
11 0.50375 0.0150093808630394 0.04125 0.0300187617260788
11 0.49625 0.016885553470919325 0.04125 0.03189493433395872
11 0.94625 0.016885553470919325 0.04 0.03189493433395872
11 0.7 0.0150093808630394 0.0425 0.0300187617260788
11 0.58375 0.016885553470919325 0.04125 0.03189493433395872
11 0.58375 0.016885553470919325 0.0425 0.03189493433395872
11 0.995 0.028142589118198873 0.01 0.054409005628517824
11 0.6375 0.0300187617260788 0.0425 0.058161350844277676
11 0.6425 0.9043151969981238 0.0425 0.06566604127579738
11 0.99625 0.9080675422138836 0.00625 0.06566604127579738
7 0.6575 0.01876172607879925 0.01375 0.0375234521575985
7 0.64375 0.013133208255159476 0.01625 0.024390243902439025
4 0.365 0.4821763602251407 0.05 0.05065666041275797
7 0.05 0.9305816135084428 0.07 0.03189493433395872
7 0.38625 0.6416510318949343 0.09375 0.028142589118198873
7 0.38375 0.5816135084427767 0.08625 0.02626641651031895
5 0.075 0.626641651031895 0.0475 0.05065666041275797
5 0.3625 0.013133208255159476 0.035 0.024390243902439025
5 0.35875 0.013133208255159476 0.0325 0.02626641651031895
5 0.355 0.0150093808630394 0.035 0.0300187617260788
5 0.35875 0.0150093808630394 0.03125 0.028142589118198873
5 0.74125 0.013133208255159476 0.0375 0.02626641651031895
5 0.66625 0.0150093808630394 0.04375 0.028142589118198873
4 0.365 0.01125703564727955 0.0525 0.020637898686679174
5 0.35625 0.013133208255159476 0.035 0.02626641651031895
4 0.935 0.020637898686679174 0.03125 0.039399624765478425
5 0.35875 0.013133208255159476 0.035 0.02626641651031895
5 0.485 0.016885553470919325 0.03625 0.03189493433395872
4 0.705 0.020637898686679174 0.0325 0.039399624765478425