11 0.73625 0.849906191369606 0.04125 0.06566604127579738
11 0.45 0.8480300187617261 0.0425 0.0675422138836773
11 0.4475 0.1425891181988743 0.04 0.0675422138836773
11 0.73625 0.1425891181988743 0.04125 0.06378986866791744
4 0.9375 0.10694183864915573 0.04375 0.0525328330206379
4 0.74125 0.020637898686679174 0.03375 0.04127579737335835
4 0.42 0.016885553470919325 0.0325 0.03377110694183865
4 0.23375 0.013133208255159476 0.045 0.024390243902439025
4 0.935 0.9399624765478424 0.04625 0.054409005628517824
7 0.17625 0.6829268292682927 0.08375 0.03189493433395872
7 0.01625 0.9399624765478424 0.0325 0.02626641651031895