11 0.01125 0.016885553470919325 0.02125 0.03189493433395872
11 0.01 0.0150093808630394 0.02 0.0300187617260788
11 0.01 0.0150093808630394 0.02 0.0300187617260788
11 0.01 0.0150093808630394 0.02 0.0300187617260788
11 0.01 0.23827392120075047 0.02 0.06191369606003752
11 0.01 0.24953095684803 0.02 0.06378986866791744
11 0.01 0.2626641651031895 0.02 0.06191369606003752
11 0.01 0.7035647279549718 0.02 0.06566604127579738
11 0.01 0.7035647279549718 0.02 0.06566604127579738
11 0.01 0.7035647279549718 0.02 0.06191369606003752
11 0.01125 0.699812382739212 0.02125 0.06941838649155722
11 0.01125 0.525328330206379 0.02125 0.06566604127579738
11 0.01125 0.016885553470919325 0.02125 0.03189493433395872
11 0.2625 0.7842401500938087 0.0425 0.06378986866791744
11 0.01 0.7148217636022514 0.02 0.06378986866791744
11 0.00875 0.7035647279549718 0.0175 0.05628517823639775
11 0.00875 0.7091932457786116 0.0175 0.05628517823639775
4 0.01125 0.7204502814258912 0.02125 0.05628517823639775
4 0.00875 0.49530956848030017 0.01625 0.06378986866791744
11 0.73625 0.016885553470919325 0.04125 0.03189493433395872
11 0.45 0.016885553470919325 0.0425 0.03189493433395872
11 0.4475 0.016885553470919325 0.04 0.03189493433395872
11 0.73625 0.0150093808630394 0.04125 0.0300187617260788
4 0.9375 0.013133208255159476 0.04375 0.02626641651031895
4 0.74125 0.020637898686679174 0.03375 0.04127579737335835
4 0.42 0.016885553470919325 0.0325 0.03377110694183865
4 0.23375 0.013133208255159476 0.045 0.024390243902439025
4 0.935 0.013133208255159476 0.04625 0.02626641651031895
4 0.8125 0.020637898686679174 0.03625 0.039399624765478425
4 0.2725 0.020637898686679174 0.03375 0.039399624765478425
4 0.16125 0.013133208255159476 0.04625 0.02626641651031895
7 0.17625 0.0075046904315197 0.08375 0.0150093808630394
7 0.01625 0.005628517823639775 0.0325 0.01125703564727955
0 0.00875 0.4071294559099437 0.0175 0.07317073170731707
7 0.109375 0.974671669793621 0.01625 0.05065666041275797
7 0.06125 0.8667917448405253 0.01375 0.11819887429643527
7 0.025 0.9643527204502814 0.04875 0.03189493433395872
7 0.02125 0.9174484052532833 0.0425 0.0375234521575985
7 0.01875 0.8818011257035647 0.0375 0.0225140712945591
4 0.01125 0.8348968105065666 0.0225 0.05065666041275797
5 0.00875 0.42213883677298314 0.0175 0.05065666041275797
5 0.01125 0.7148217636022514 0.02125 0.05628517823639775
4 0.00875 0.9043151969981238 0.01625 0.075046904315197
4 0.0075 0.9812382739212008 0.015 0.0375234521575985
2 0.05375 0.8818011257035647 0.10625 0.23639774859287055
4 0.00875 0.14446529080675422 0.01625 0.06191369606003752
4 0.00875 0.0525328330206379 0.0175 0.08442776735459662
4 0.01125 0.013133208255159476 0.0225 0.02626641651031895
4 0.00875 0.01876172607879925 0.0175 0.0375234521575985
4 0.00875 0.016885553470919325 0.01625 0.03189493433395872
4 0.00875 0.9118198874296435 0.01625 0.0675422138836773
7 0.005 0.3621013133208255 0.00875 0.0900562851782364
7 0.00375 0.020637898686679174 0.00625 0.039399624765478425
7 0.0125 0.005628517823639775 0.025 0.01125703564727955
7 0.005 0.016885553470919325 0.00875 0.03189493433395872
7 0.00375 0.016885553470919325 0.00625 0.03377110694183865
7 0.0125 0.926829268292683 0.025 0.0300187617260788
7 0.00625 0.9530956848030019 0.0125 0.0300187617260788
7 0.0075 0.9305816135084428 0.01375 0.028142589118198873
7 0.00625 0.020637898686679174 0.01125 0.04127579737335835
7 0.00375 0.01876172607879925 0.00625 0.0375234521575985
7 0.00375 0.0525328330206379 0.0075 0.0525328330206379
5 0.00875 0.8217636022514071 0.01625 0.05065666041275797
5 0.00875 0.6416510318949343 0.01625 0.054409005628517824
5 0.00875 0.10318949343339587 0.01625 0.06378986866791744
5 0.0075 0.0150093808630394 0.015 0.028142589118198873
5 0.00875 0.02626641651031895 0.0175 0.05065666041275797
5 0.01125 0.5534709193245778 0.02125 0.058161350844277676
5 0.00875 0.5553470919324578 0.0175 0.06378986866791744
5 0.01125 0.5234521575984991 0.02125 0.06191369606003752
5 0.0125 0.19699812382739212 0.02375 0.06191369606003752
5 0.01 0.028142589118198873 0.01875 0.054409005628517824
5 0.00875 0.0225140712945591 0.0175 0.0450281425891182
4 0.01375 0.4071294559099437 0.02625 0.05065666041275797
4 0.0125 0.5928705440900562 0.025 0.0450281425891182
5 0.00875 0.3133208255159475 0.0175 0.054409005628517824
4 0.0075 0.039399624765478425 0.015 0.07879924953095685
5 0.00875 0.013133208255159476 0.0175 0.02626641651031895
5 0.00875 0.016885553470919325 0.0175 0.03189493433395872
4 0.00875 0.020637898686679174 0.01625 0.039399624765478425
5 0.00875 0.013133208255159476 0.0175 0.024390243902439025
5 0.0075 0.013133208255159476 0.01375 0.024390243902439025
1 0.01 0.0150093808630394 0.01875 0.0300187617260788
7 0.005 0.5215759849906192 0.00875 0.0900562851782364