11 0.01125 0.016885553470919325 0.02125 0.03189493433395872
11 0.01 0.0150093808630394 0.02 0.0300187617260788
11 0.01 0.0150093808630394 0.02 0.0300187617260788
11 0.01 0.0150093808630394 0.02 0.0300187617260788
11 0.01 0.0150093808630394 0.02 0.0300187617260788
11 0.01 0.016885553470919325 0.02 0.03189493433395872
11 0.01 0.0150093808630394 0.02 0.0300187617260788
11 0.01 0.016885553470919325 0.02 0.03189493433395872
11 0.01 0.016885553470919325 0.02 0.03189493433395872
11 0.01 0.0150093808630394 0.02 0.0300187617260788
11 0.01 0.016885553470919325 0.02 0.03189493433395872
11 0.01 0.0150093808630394 0.02 0.0300187617260788
11 0.01125 0.016885553470919325 0.02125 0.03377110694183865
11 0.01125 0.016885553470919325 0.02125 0.03189493433395872
11 0.01125 0.016885553470919325 0.02125 0.03189493433395872
11 0.01125 0.016885553470919325 0.02125 0.03189493433395872
11 0.01 0.016885553470919325 0.02 0.03189493433395872
11 0.01 0.016885553470919325 0.02 0.03189493433395872
11 0.01125 0.016885553470919325 0.02125 0.03189493433395872
11 0.01125 0.016885553470919325 0.02125 0.03189493433395872
11 0.01125 0.016885553470919325 0.02125 0.03189493433395872
11 0.01125 0.016885553470919325 0.02125 0.03189493433395872
11 0.01125 0.016885553470919325 0.02125 0.03189493433395872
11 0.8125 0.016885553470919325 0.04 0.03189493433395872
11 0.81625 0.0150093808630394 0.04 0.0300187617260788
11 0.57875 0.0150093808630394 0.04 0.0300187617260788
7 0.895 0.016885553470919325 0.01875 0.03189493433395872
7 0.92375 0.016885553470919325 0.0175 0.03189493433395872
7 0.9675 0.0075046904315197 0.065 0.0150093808630394
7 0.96875 0.009380863039399626 0.0625 0.01876172607879925
7 0.9675 0.005628517823639775 0.06375 0.009380863039399626
4 0.96 0.013133208255159476 0.04625 0.024390243902439025
5 0.6975 0.0150093808630394 0.04 0.028142589118198873
5 0.98625 0.0150093808630394 0.02625 0.0300187617260788
5 0.575 0.0150093808630394 0.035 0.0300187617260788
0 0.5775 0.013133208255159476 0.04375 0.024390243902439025
5 0.5525 0.013133208255159476 0.0425 0.02626641651031895
4 0.2275 0.01876172607879925 0.03375 0.0375234521575985
4 0.0075 0.01876172607879925 0.015 0.03564727954971857
1 0.685 0.0150093808630394 0.03875 0.0300187617260788
4 0.07875 0.0150093808630394 0.035 0.0300187617260788
4 0.105 0.020637898686679174 0.035 0.04127579737335835
4 0.40875 0.013133208255159476 0.04875 0.02626641651031895
4 0.27125 0.01876172607879925 0.0375 0.0375234521575985
4 0.00875 0.016885553470919325 0.01625 0.03189493433395872
4 0.00875 0.016885553470919325 0.01625 0.03189493433395872
7 0.005 0.0225140712945591 0.00875 0.043151969981238276
7 0.00375 0.020637898686679174 0.00625 0.039399624765478425
7 0.0125 0.005628517823639775 0.025 0.01125703564727955
7 0.005 0.016885553470919325 0.00875 0.03189493433395872
7 0.00375 0.016885553470919325 0.00625 0.03377110694183865
7 0.005 0.016885553470919325 0.00875 0.03189493433395872
7 0.0125 0.0075046904315197 0.025 0.0150093808630394
7 0.01375 0.009380863039399626 0.02625 0.016885553470919325
7 0.00625 0.0075046904315197 0.0125 0.013133208255159476
7 0.0075 0.0075046904315197 0.01375 0.013133208255159476
7 0.00625 0.020637898686679174 0.01125 0.04127579737335835
7 0.00375 0.01876172607879925 0.00625 0.0375234521575985
7 0.00375 0.013133208255159476 0.0075 0.024390243902439025
7 0.00875 0.0075046904315197 0.0175 0.0150093808630394
7 0.00875 0.0075046904315197 0.0175 0.013133208255159476
7 0.0225 0.0075046904315197 0.045 0.0150093808630394
4 0.0125 0.013133208255159476 0.025 0.02626641651031895
4 0.01125 0.0150093808630394 0.0225 0.028142589118198873
4 0.0125 0.013133208255159476 0.02375 0.024390243902439025
4 0.00875 0.016885553470919325 0.01625 0.03377110694183865
4 0.00875 0.016885553470919325 0.01625 0.03189493433395872
4 0.0125 0.013133208255159476 0.025 0.024390243902439025
7 0.005 0.02626641651031895 0.01 0.05065666041275797
7 0.0175 0.0075046904315197 0.03375 0.0150093808630394
7 0.02375 0.0075046904315197 0.04625 0.013133208255159476
7 0.02125 0.0075046904315197 0.0425 0.013133208255159476
7 0.01 0.0075046904315197 0.02 0.013133208255159476
5 0.01 0.016885553470919325 0.01875 0.03189493433395872
1 0.01 0.016885553470919325 0.02 0.03189493433395872
5 0.01125 0.013133208255159476 0.0225 0.024390243902439025
5 0.00875 0.013133208255159476 0.01625 0.024390243902439025
5 0.00875 0.013133208255159476 0.01625 0.02626641651031895
5 0.00875 0.0150093808630394 0.01625 0.0300187617260788
5 0.0075 0.0150093808630394 0.015 0.028142589118198873
5 0.00875 0.013133208255159476 0.0175 0.02626641651031895
5 0.01125 0.0150093808630394 0.02125 0.028142589118198873
5 0.00875 0.0150093808630394 0.0175 0.0300187617260788
5 0.01125 0.0150093808630394 0.02125 0.0300187617260788
5 0.0125 0.0150093808630394 0.02375 0.0300187617260788
5 0.01 0.01876172607879925 0.01875 0.0375234521575985
5 0.00875 0.0150093808630394 0.0175 0.028142589118198873
4 0.01375 0.013133208255159476 0.02625 0.024390243902439025
4 0.0125 0.01125703564727955 0.025 0.020637898686679174
5 0.00875 0.013133208255159476 0.0175 0.02626641651031895
4 0.0075 0.020637898686679174 0.015 0.039399624765478425
5 0.00875 0.013133208255159476 0.0175 0.02626641651031895
5 0.00875 0.016885553470919325 0.0175 0.03189493433395872
4 0.00875 0.020637898686679174 0.01625 0.039399624765478425
5 0.00875 0.013133208255159476 0.0175 0.024390243902439025
5 0.0075 0.013133208255159476 0.01375 0.024390243902439025
1 0.01 0.0150093808630394 0.01875 0.0300187617260788
5 0.00875 0.013133208255159476 0.0175 0.024390243902439025