11 0.01125 0.016885553470919325 0.02125 0.03189493433395872
11 0.01 0.0150093808630394 0.02 0.0300187617260788
11 0.01 0.0150093808630394 0.02 0.0300187617260788
11 0.01 0.0150093808630394 0.02 0.0300187617260788
11 0.01 0.0150093808630394 0.02 0.0300187617260788
11 0.01 0.016885553470919325 0.02 0.03189493433395872
11 0.01 0.0150093808630394 0.02 0.0300187617260788
11 0.01 0.016885553470919325 0.02 0.03189493433395872
11 0.01 0.016885553470919325 0.02 0.03189493433395872
11 0.01 0.0150093808630394 0.02 0.0300187617260788
11 0.01 0.08442776735459662 0.02 0.06378986866791744
11 0.01 0.06941838649155722 0.02 0.06378986866791744
11 0.01125 0.016885553470919325 0.02125 0.03377110694183865
11 0.01125 0.016885553470919325 0.02125 0.03189493433395872
11 0.01125 0.016885553470919325 0.02125 0.03189493433395872
11 0.01125 0.4727954971857411 0.02125 0.06378986866791744
11 0.01 0.474671669793621 0.02 0.06378986866791744
11 0.01 0.9953095684803002 0.02 0.009380863039399626
11 0.010625 0.9971857410881801 0.02125 0.005628517823639775
11 0.01125 0.10318949343339587 0.02125 0.0675422138836773
11 0.01 0.7279549718574109 0.02 0.06566604127579738
11 0.01 0.450281425891182 0.02 0.06378986866791744
11 0.010625 0.9953095684803002 0.02125 0.009380863039399626
11 0.01 0.9934333958724203 0.02 0.013133208255159476
11 0.01125 0.7335834896810507 0.02125 0.07129455909943715
11 0.01 0.06941838649155722 0.02 0.06566604127579738
11 0.01 0.1350844277673546 0.02 0.06378986866791744
11 0.01 0.016885553470919325 0.02 0.03189493433395872
11 0.01 0.016885553470919325 0.02 0.03189493433395872
11 0.00875 0.0150093808630394 0.0175 0.028142589118198873
11 0.00875 0.11444652908067542 0.01625 0.05065666041275797
11 0.00875 0.1200750469043152 0.01625 0.054409005628517824
11 0.00875 0.0150093808630394 0.0175 0.028142589118198873
11 0.01 0.09943714821763602 0.02 0.06378986866791744
4 0.01125 0.013133208255159476 0.02125 0.02626641651031895
4 0.00875 0.016885553470919325 0.01625 0.03189493433395872
4 0.0125 0.5834896810506567 0.025 0.04878048780487805
4 0.01125 0.30206378986866794 0.02125 0.04878048780487805
4 0.01125 0.5909943714821764 0.0225 0.05065666041275797
4 0.01 0.43151969981238275 0.02 0.054409005628517824
11 0.01 0.016885553470919325 0.02 0.03189493433395872
11 0.01 0.016885553470919325 0.02 0.03189493433395872
11 0.01 0.016885553470919325 0.02 0.03189493433395872
11 0.01 0.0150093808630394 0.02 0.0300187617260788
4 0.01125 0.013133208255159476 0.02125 0.02626641651031895
4 0.00875 0.020637898686679174 0.01625 0.04127579737335835
4 0.00875 0.016885553470919325 0.01625 0.03377110694183865
4 0.01125 0.013133208255159476 0.0225 0.024390243902439025
4 0.01125 0.013133208255159476 0.0225 0.02626641651031895
4 0.00875 0.020637898686679174 0.0175 0.039399624765478425
4 0.00875 0.020637898686679174 0.01625 0.039399624765478425
4 0.01125 0.013133208255159476 0.0225 0.02626641651031895
7 0.02125 0.0075046904315197 0.04125 0.0150093808630394
7 0.01625 0.005628517823639775 0.0325 0.01125703564727955
0 0.00875 0.016885553470919325 0.0175 0.03377110694183865
5 0.01 0.6679174484052532 0.01875 0.0600375234521576
5 0.01 0.474671669793621 0.02 0.0600375234521576
7 0.00375 0.0225140712945591 0.0075 0.0450281425891182
7 0.00375 0.0300187617260788 0.00625 0.058161350844277676
7 0.01625 0.2101313320825516 0.03125 0.028142589118198873
7 0.00375 0.9174484052532833 0.0075 0.06191369606003752
7 0.005 0.22889305816135083 0.00875 0.0675422138836773
7 0.005 0.3227016885553471 0.00875 0.06378986866791744
7 0.025 0.0075046904315197 0.04875 0.0150093808630394
7 0.02125 0.009380863039399626 0.0425 0.01876172607879925
7 0.01875 0.005628517823639775 0.0375 0.009380863039399626
4 0.01125 0.013133208255159476 0.0225 0.024390243902439025
7 0.00875 0.6622889305816135 0.0175 0.03189493433395872
5 0.00875 0.8348968105065666 0.0175 0.06941838649155722
5 0.01 0.8724202626641651 0.02 0.058161350844277676
5 0.00875 0.6735459662288931 0.01625 0.0600375234521576
5 0.00875 0.3977485928705441 0.01625 0.06191369606003752
0 0.01125 0.6191369606003753 0.02125 0.04878048780487805
5 0.00875 0.013133208255159476 0.0175 0.024390243902439025
5 0.01125 0.013133208255159476 0.02125 0.02626641651031895
4 0.00875 0.01876172607879925 0.01625 0.0375234521575985
4 0.0075 0.01876172607879925 0.015 0.03564727954971857
1 0.01 0.7467166979362101 0.02 0.06566604127579738
2 0.05375 0.0825515947467167 0.10625 0.1651031894934334
1 0.01 0.5309568480300187 0.01875 0.0600375234521576
4 0.00875 0.0150093808630394 0.01625 0.0300187617260788
4 0.00875 0.020637898686679174 0.0175 0.04127579737335835
4 0.01125 0.013133208255159476 0.0225 0.02626641651031895
4 0.00875 0.01876172607879925 0.0175 0.0375234521575985
4 0.00875 0.016885553470919325 0.01625 0.03189493433395872
4 0.00875 0.016885553470919325 0.01625 0.03189493433395872
7 0.005 0.0225140712945591 0.00875 0.043151969981238276
7 0.00375 0.020637898686679174 0.00625 0.039399624765478425
7 0.0125 0.005628517823639775 0.025 0.01125703564727955
7 0.005 0.016885553470919325 0.00875 0.03189493433395872
7 0.00375 0.016885553470919325 0.00625 0.03377110694183865
7 0.005 0.22326454033771106 0.00875 0.06378986866791744
7 0.0125 0.0075046904315197 0.025 0.0150093808630394
7 0.01375 0.03189493433395872 0.02625 0.0375234521575985
7 0.00625 0.0075046904315197 0.0125 0.013133208255159476
7 0.0075 0.0075046904315197 0.01375 0.013133208255159476
7 0.00625 0.020637898686679174 0.01125 0.04127579737335835
7 0.00375 0.01876172607879925 0.00625 0.0375234521575985
7 0.00375 0.013133208255159476 0.0075 0.024390243902439025
7 0.00875 0.6378986866791745 0.0175 0.03189493433395872
7 0.00875 0.6791744840525328 0.0175 0.0300187617260788
7 0.0225 0.724202626641651 0.045 0.03189493433395872
4 0.0125 0.926829268292683 0.025 0.054409005628517824
5 0.00875 0.013133208255159476 0.01625 0.024390243902439025
5 0.00875 0.013133208255159476 0.01625 0.02626641651031895
5 0.00875 0.0150093808630394 0.01625 0.0300187617260788
5 0.0075 0.0150093808630394 0.015 0.028142589118198873
5 0.00875 0.013133208255159476 0.0175 0.02626641651031895
5 0.01125 0.0150093808630394 0.02125 0.028142589118198873
5 0.00875 0.0150093808630394 0.0175 0.0300187617260788
5 0.01125 0.0150093808630394 0.02125 0.0300187617260788
5 0.0125 0.0150093808630394 0.02375 0.0300187617260788
5 0.01 0.01876172607879925 0.01875 0.0375234521575985
5 0.00875 0.0150093808630394 0.0175 0.028142589118198873
4 0.01375 0.013133208255159476 0.02625 0.024390243902439025
4 0.0125 0.01125703564727955 0.025 0.020637898686679174
5 0.00875 0.013133208255159476 0.0175 0.02626641651031895
4 0.0075 0.020637898686679174 0.015 0.039399624765478425
5 0.00875 0.013133208255159476 0.0175 0.02626641651031895
5 0.00875 0.016885553470919325 0.0175 0.03189493433395872
4 0.00875 0.020637898686679174 0.01625 0.039399624765478425
5 0.00875 0.013133208255159476 0.0175 0.024390243902439025
5 0.0075 0.013133208255159476 0.01375 0.024390243902439025
1 0.01 0.0150093808630394 0.01875 0.0300187617260788
7 0.005 0.0225140712945591 0.00875 0.043151969981238276