11 0.5875 0.016885553470919325 0.04375 0.03189493433395872
11 0.8625 0.0150093808630394 0.0425 0.0300187617260788
11 0.6975 0.25140712945590993 0.04 0.06378986866791744
11 0.50375 0.2626641651031895 0.04125 0.0600375234521576
11 0.49625 0.7035647279549718 0.0425 0.06566604127579738
11 0.94625 0.7035647279549718 0.04 0.06566604127579738
11 0.7 0.7035647279549718 0.0425 0.06191369606003752
7 0.6575 0.01876172607879925 0.01375 0.0375234521575985
7 0.64375 0.0525328330206379 0.01625 0.0525328330206379
5 0.3625 0.8217636022514071 0.035 0.0525328330206379
5 0.36 0.6416510318949343 0.0325 0.054409005628517824
5 0.355 0.10318949343339587 0.035 0.06378986866791744
5 0.35875 0.0150093808630394 0.03125 0.028142589118198873
5 0.74125 0.02626641651031895 0.0375 0.05065666041275797
5 0.6675 0.5534709193245778 0.04375 0.058161350844277676
4 0.36625 0.5928705440900562 0.05125 0.0450281425891182
5 0.35625 0.3133208255159475 0.035 0.054409005628517824
4 0.935 0.039399624765478425 0.03125 0.07879924953095685
5 0.35875 0.013133208255159476 0.035 0.02626641651031895
5 0.485 0.016885553470919325 0.03625 0.03189493433395872
4 0.705 0.020637898686679174 0.0325 0.039399624765478425