11 0.01125 0.016885553470919325 0.02125 0.03189493433395872
11 0.01 0.0150093808630394 0.02 0.0300187617260788
11 0.01 0.0150093808630394 0.02 0.0300187617260788
11 0.01 0.0150093808630394 0.02 0.0300187617260788
11 0.01 0.0150093808630394 0.02 0.0300187617260788
11 0.01 0.016885553470919325 0.02 0.03189493433395872
11 0.01 0.0150093808630394 0.02 0.0300187617260788
11 0.01 0.016885553470919325 0.02 0.03189493433395872
11 0.01 0.016885553470919325 0.02 0.03189493433395872
11 0.01 0.0150093808630394 0.02 0.0300187617260788
11 0.01 0.016885553470919325 0.02 0.03189493433395872
11 0.01 0.0150093808630394 0.02 0.0300187617260788
11 0.01125 0.016885553470919325 0.02125 0.03377110694183865
11 0.01125 0.016885553470919325 0.02125 0.03189493433395872
11 0.01125 0.016885553470919325 0.02125 0.03189493433395872
11 0.01125 0.016885553470919325 0.02125 0.03189493433395872
11 0.01 0.016885553470919325 0.02 0.03189493433395872
11 0.01 0.016885553470919325 0.02 0.03189493433395872
11 0.01125 0.016885553470919325 0.02125 0.03189493433395872
11 0.01125 0.016885553470919325 0.02125 0.03189493433395872
11 0.01125 0.016885553470919325 0.02125 0.03189493433395872
11 0.01125 0.5065666041275797 0.02125 0.06566604127579738
11 0.01125 0.016885553470919325 0.02125 0.03189493433395872
11 0.01 0.016885553470919325 0.02 0.03189493433395872
11 0.01 0.0150093808630394 0.02 0.0300187617260788
11 0.98375 0.016885553470919325 0.0325 0.03377110694183865
11 0.95625 0.016885553470919325 0.04125 0.03189493433395872
11 0.95625 0.016885553470919325 0.04125 0.03189493433395872
11 0.53625 0.0150093808630394 0.03625 0.028142589118198873
11 0.54 0.013133208255159476 0.03375 0.024390243902439025
11 0.20375 0.013133208255159476 0.03375 0.02626641651031895
11 0.20125 0.0150093808630394 0.035 0.028142589118198873
11 0.01 0.0150093808630394 0.02 0.0300187617260788
4 0.72 0.013133208255159476 0.045 0.02626641651031895
4 0.48125 0.016885553470919325 0.03375 0.03189493433395872
4 0.715 0.013133208255159476 0.05 0.024390243902439025
4 0.71875 0.013133208255159476 0.04375 0.024390243902439025
4 0.045 0.013133208255159476 0.045 0.024390243902439025
4 0.04375 0.013133208255159476 0.04125 0.02626641651031895
7 0.775 0.005628517823639775 0.06625 0.01125703564727955
0 0.89125 0.016885553470919325 0.03625 0.03377110694183865
5 0.805 0.0150093808630394 0.03875 0.028142589118198873
7 0.70625 0.0075046904315197 0.06375 0.013133208255159476
7 0.88125 0.0150093808630394 0.01625 0.0300187617260788
7 0.005 0.016885553470919325 0.00875 0.03189493433395872
7 0.005 0.016885553470919325 0.00875 0.03189493433395872
7 0.025 0.0075046904315197 0.04875 0.0150093808630394
7 0.02125 0.009380863039399626 0.0425 0.01876172607879925
7 0.01875 0.005628517823639775 0.0375 0.009380863039399626
4 0.01125 0.013133208255159476 0.0225 0.024390243902439025
5 0.04125 0.016885553470919325 0.0375 0.03377110694183865
5 0.01 0.0150093808630394 0.02 0.028142589118198873
5 0.00875 0.0150093808630394 0.01625 0.0300187617260788
5 0.00875 0.0150093808630394 0.01625 0.0300187617260788
0 0.01125 0.013133208255159476 0.02125 0.024390243902439025
5 0.78375 0.013133208255159476 0.03625 0.024390243902439025
5 0.01125 0.013133208255159476 0.02125 0.02626641651031895
4 0.00875 0.01876172607879925 0.01625 0.0375234521575985
4 0.0075 0.01876172607879925 0.015 0.03564727954971857
2 0.37625 0.0825515947467167 0.215 0.1651031894934334
1 0.01 0.0150093808630394 0.01875 0.0300187617260788
4 0.00875 0.0150093808630394 0.01625 0.0300187617260788
4 0.00875 0.020637898686679174 0.0175 0.04127579737335835
4 0.01125 0.013133208255159476 0.0225 0.02626641651031895
4 0.00875 0.01876172607879925 0.0175 0.0375234521575985
4 0.00875 0.016885553470919325 0.01625 0.03189493433395872
4 0.00875 0.016885553470919325 0.01625 0.03189493433395872
7 0.005 0.0225140712945591 0.00875 0.043151969981238276
7 0.00375 0.020637898686679174 0.00625 0.039399624765478425
7 0.0125 0.005628517823639775 0.025 0.01125703564727955
7 0.005 0.016885553470919325 0.00875 0.03189493433395872
7 0.00375 0.016885553470919325 0.00625 0.03377110694183865
7 0.005 0.016885553470919325 0.00875 0.03189493433395872
7 0.0125 0.0075046904315197 0.025 0.0150093808630394
7 0.01375 0.009380863039399626 0.02625 0.016885553470919325
7 0.00625 0.0075046904315197 0.0125 0.013133208255159476
7 0.0075 0.0075046904315197 0.01375 0.013133208255159476
7 0.00625 0.020637898686679174 0.01125 0.04127579737335835
7 0.00375 0.01876172607879925 0.00625 0.0375234521575985
7 0.00375 0.013133208255159476 0.0075 0.024390243902439025
7 0.00875 0.0075046904315197 0.0175 0.0150093808630394
7 0.00875 0.0075046904315197 0.0175 0.013133208255159476
7 0.0225 0.0075046904315197 0.045 0.0150093808630394
4 0.0125 0.013133208255159476 0.025 0.02626641651031895
4 0.01125 0.0150093808630394 0.0225 0.028142589118198873
4 0.0125 0.013133208255159476 0.02375 0.024390243902439025
4 0.00875 0.3320825515947467 0.01625 0.0675422138836773
4 0.00875 0.33583489681050654 0.01625 0.0675422138836773
4 0.0125 0.013133208255159476 0.025 0.024390243902439025
7 0.005 0.3170731707317073 0.01 0.10318949343339587
7 0.0175 0.0075046904315197 0.03375 0.0150093808630394
7 0.02375 0.0075046904315197 0.04625 0.013133208255159476
7 0.02125 0.0075046904315197 0.0425 0.013133208255159476
7 0.01 0.6829268292682927 0.02 0.02626641651031895
5 0.01 0.7879924953095685 0.01875 0.0675422138836773
1 0.01 0.5590994371482176 0.02 0.06566604127579738
5 0.01125 0.013133208255159476 0.0225 0.024390243902439025
5 0.00875 0.013133208255159476 0.01625 0.024390243902439025
5 0.00875 0.013133208255159476 0.01625 0.02626641651031895
5 0.00875 0.0150093808630394 0.01625 0.0300187617260788
5 0.0075 0.0150093808630394 0.015 0.028142589118198873
5 0.00875 0.013133208255159476 0.0175 0.02626641651031895
5 0.01125 0.0150093808630394 0.02125 0.028142589118198873
5 0.00875 0.0150093808630394 0.0175 0.0300187617260788
5 0.01125 0.0150093808630394 0.02125 0.0300187617260788
5 0.0125 0.0150093808630394 0.02375 0.0300187617260788
5 0.01 0.01876172607879925 0.01875 0.0375234521575985
5 0.00875 0.0150093808630394 0.0175 0.028142589118198873
4 0.01375 0.013133208255159476 0.02625 0.024390243902439025
4 0.0125 0.01125703564727955 0.025 0.020637898686679174
5 0.00875 0.013133208255159476 0.0175 0.02626641651031895
4 0.0075 0.020637898686679174 0.015 0.039399624765478425
5 0.00875 0.013133208255159476 0.0175 0.02626641651031895
5 0.00875 0.016885553470919325 0.0175 0.03189493433395872
4 0.00875 0.020637898686679174 0.01625 0.039399624765478425
5 0.00875 0.013133208255159476 0.0175 0.024390243902439025
5 0.0075 0.013133208255159476 0.01375 0.024390243902439025
1 0.01 0.0150093808630394 0.01875 0.0300187617260788
5 0.00875 0.013133208255159476 0.0175 0.024390243902439025
7 0.22 0.0225140712945591 0.0175 0.043151969981238276