11 0.01125 0.016885553470919325 0.02125 0.03189493433395872
11 0.01 0.0150093808630394 0.02 0.0300187617260788
11 0.01 0.0150093808630394 0.02 0.0300187617260788
11 0.01 0.0150093808630394 0.02 0.0300187617260788
11 0.01 0.0150093808630394 0.02 0.0300187617260788
11 0.01 0.016885553470919325 0.02 0.03189493433395872
11 0.01 0.0150093808630394 0.02 0.0300187617260788
11 0.01 0.016885553470919325 0.02 0.03189493433395872
11 0.01 0.016885553470919325 0.02 0.03189493433395872
11 0.01 0.0150093808630394 0.02 0.0300187617260788
11 0.01 0.016885553470919325 0.02 0.03189493433395872
11 0.01 0.0150093808630394 0.02 0.0300187617260788
11 0.01125 0.016885553470919325 0.02125 0.03377110694183865
11 0.01125 0.016885553470919325 0.02125 0.03189493433395872
11 0.01125 0.016885553470919325 0.02125 0.03189493433395872
11 0.01125 0.016885553470919325 0.02125 0.03189493433395872
11 0.01 0.016885553470919325 0.02 0.03189493433395872
11 0.01 0.028142589118198873 0.02 0.054409005628517824
11 0.01125 0.0300187617260788 0.02125 0.058161350844277676
11 0.01125 0.9043151969981238 0.02125 0.06378986866791744
11 0.01125 0.9080675422138836 0.02125 0.06566604127579738
11 0.01125 0.016885553470919325 0.02125 0.03189493433395872
11 0.01 0.016885553470919325 0.02 0.03189493433395872
11 0.01 0.0150093808630394 0.02 0.0300187617260788
11 0.01125 0.0300187617260788 0.02125 0.0600375234521576
11 0.01 0.028142589118198873 0.02 0.054409005628517824
11 0.01125 0.016885553470919325 0.02125 0.03377110694183865
11 0.01 0.016885553470919325 0.02 0.03189493433395872
11 0.01 0.016885553470919325 0.02 0.03189493433395872
11 0.01 0.016885553470919325 0.02 0.03189493433395872
11 0.01 0.016885553470919325 0.02 0.03189493433395872
11 0.00875 0.0150093808630394 0.0175 0.028142589118198873
11 0.00875 0.013133208255159476 0.01625 0.024390243902439025
11 0.00875 0.013133208255159476 0.01625 0.02626641651031895
11 0.00875 0.0150093808630394 0.0175 0.028142589118198873
11 0.01 0.0150093808630394 0.02 0.0300187617260788
4 0.01125 0.013133208255159476 0.02125 0.02626641651031895
4 0.00875 0.016885553470919325 0.01625 0.03189493433395872
4 0.0125 0.013133208255159476 0.025 0.024390243902439025
4 0.01125 0.013133208255159476 0.02125 0.024390243902439025
4 0.01125 0.013133208255159476 0.0225 0.024390243902439025
4 0.01 0.013133208255159476 0.02 0.02626641651031895
11 0.01 0.016885553470919325 0.02 0.03189493433395872
11 0.01 0.016885553470919325 0.02 0.03189493433395872
11 0.01 0.016885553470919325 0.02 0.03189493433395872
11 0.01 0.0150093808630394 0.02 0.0300187617260788
4 0.01125 0.013133208255159476 0.02125 0.02626641651031895
4 0.00875 0.020637898686679174 0.01625 0.04127579737335835
4 0.00875 0.016885553470919325 0.01625 0.03377110694183865
4 0.01125 0.013133208255159476 0.0225 0.024390243902439025
4 0.01125 0.013133208255159476 0.0225 0.02626641651031895
4 0.00875 0.020637898686679174 0.0175 0.039399624765478425
4 0.00875 0.020637898686679174 0.01625 0.039399624765478425
4 0.01125 0.013133208255159476 0.0225 0.02626641651031895
7 0.02125 0.0075046904315197 0.04125 0.0150093808630394
7 0.01625 0.005628517823639775 0.0325 0.01125703564727955
0 0.00875 0.016885553470919325 0.0175 0.03377110694183865
5 0.01 0.0150093808630394 0.01875 0.028142589118198873
5 0.01 0.0150093808630394 0.02 0.0300187617260788
7 0.00375 0.0225140712945591 0.0075 0.0450281425891182
7 0.00375 0.0300187617260788 0.00625 0.058161350844277676
7 0.01625 0.0075046904315197 0.03125 0.013133208255159476
7 0.00375 0.0150093808630394 0.0075 0.0300187617260788
7 0.005 0.016885553470919325 0.00875 0.03189493433395872
7 0.005 0.016885553470919325 0.00875 0.03189493433395872
7 0.025 0.0075046904315197 0.04875 0.0150093808630394
7 0.02125 0.009380863039399626 0.0425 0.01876172607879925
7 0.01875 0.005628517823639775 0.0375 0.009380863039399626
4 0.01125 0.013133208255159476 0.0225 0.024390243902439025
7 0.00875 0.0075046904315197 0.0175 0.0150093808630394
5 0.00875 0.016885553470919325 0.0175 0.03377110694183865
5 0.01 0.0150093808630394 0.02 0.028142589118198873
5 0.00875 0.0150093808630394 0.01625 0.0300187617260788
5 0.00875 0.0150093808630394 0.01625 0.0300187617260788
0 0.01125 0.013133208255159476 0.02125 0.024390243902439025
5 0.00875 0.013133208255159476 0.0175 0.024390243902439025
5 0.01125 0.013133208255159476 0.02125 0.02626641651031895
4 0.00875 0.01876172607879925 0.01625 0.0375234521575985
4 0.0075 0.01876172607879925 0.015 0.03564727954971857
1 0.01 0.016885553470919325 0.02 0.03189493433395872
2 0.05375 0.0825515947467167 0.10625 0.1651031894934334
1 0.01 0.0150093808630394 0.01875 0.0300187617260788
4 0.00875 0.0150093808630394 0.01625 0.0300187617260788
4 0.00875 0.020637898686679174 0.0175 0.04127579737335835
4 0.01125 0.013133208255159476 0.0225 0.02626641651031895
4 0.00875 0.01876172607879925 0.0175 0.0375234521575985
4 0.00875 0.016885553470919325 0.01625 0.03189493433395872
4 0.00875 0.016885553470919325 0.01625 0.03189493433395872
7 0.005 0.0225140712945591 0.00875 0.043151969981238276
7 0.00375 0.020637898686679174 0.00625 0.039399624765478425
7 0.0125 0.005628517823639775 0.025 0.01125703564727955
7 0.005 0.016885553470919325 0.00875 0.03189493433395872
7 0.00375 0.016885553470919325 0.00625 0.03377110694183865
7 0.005 0.016885553470919325 0.00875 0.03189493433395872
7 0.0125 0.0075046904315197 0.025 0.0150093808630394
7 0.01375 0.009380863039399626 0.02625 0.016885553470919325
7 0.00625 0.0075046904315197 0.0125 0.013133208255159476
7 0.0075 0.0075046904315197 0.01375 0.013133208255159476
7 0.00625 0.020637898686679174 0.01125 0.04127579737335835
7 0.00375 0.01876172607879925 0.00625 0.0375234521575985
7 0.00375 0.013133208255159476 0.0075 0.024390243902439025
7 0.00875 0.0075046904315197 0.0175 0.0150093808630394
7 0.00875 0.0075046904315197 0.0175 0.013133208255159476
7 0.0225 0.0075046904315197 0.045 0.0150093808630394
4 0.0125 0.013133208255159476 0.025 0.02626641651031895
4 0.01125 0.3320825515947467 0.0225 0.058161350844277676
4 0.0125 0.9868667917448405 0.02375 0.02626641651031895
4 0.0125 0.4821763602251407 0.025 0.05065666041275797
7 0.0175 0.9305816135084428 0.03375 0.03189493433395872
7 0.02375 0.6416510318949343 0.04625 0.02626641651031895
7 0.02125 0.5816135084427767 0.0425 0.02626641651031895
5 0.01125 0.626641651031895 0.0225 0.05065666041275797
5 0.00875 0.013133208255159476 0.01625 0.024390243902439025
5 0.00875 0.013133208255159476 0.01625 0.02626641651031895
5 0.00875 0.0150093808630394 0.01625 0.0300187617260788
5 0.0075 0.0150093808630394 0.015 0.028142589118198873
5 0.00875 0.013133208255159476 0.0175 0.02626641651031895
5 0.01125 0.0150093808630394 0.02125 0.028142589118198873
5 0.00875 0.0150093808630394 0.0175 0.0300187617260788
5 0.01125 0.0150093808630394 0.02125 0.0300187617260788
5 0.0125 0.0150093808630394 0.02375 0.0300187617260788
5 0.01 0.01876172607879925 0.01875 0.0375234521575985
5 0.00875 0.0150093808630394 0.0175 0.028142589118198873
4 0.01375 0.013133208255159476 0.02625 0.024390243902439025
4 0.0125 0.01125703564727955 0.025 0.020637898686679174
5 0.00875 0.013133208255159476 0.0175 0.02626641651031895
4 0.0075 0.020637898686679174 0.015 0.039399624765478425
5 0.00875 0.013133208255159476 0.0175 0.02626641651031895
5 0.00875 0.016885553470919325 0.0175 0.03189493433395872
4 0.00875 0.020637898686679174 0.01625 0.039399624765478425
5 0.00875 0.013133208255159476 0.0175 0.024390243902439025
5 0.0075 0.013133208255159476 0.01375 0.024390243902439025
1 0.01 0.0150093808630394 0.01875 0.0300187617260788
5 0.00875 0.9230769230769231 0.0175 0.05065666041275797
7 0.005 0.0225140712945591 0.00875 0.043151969981238276