11 0.5875 0.016885553470919325 0.04375 0.03189493433395872
11 0.8625 0.0150093808630394 0.0425 0.0300187617260788
11 0.6975 0.016885553470919325 0.04 0.03189493433395872
11 0.50375 0.0150093808630394 0.04125 0.0300187617260788
11 0.49625 0.016885553470919325 0.04125 0.03189493433395872
11 0.94625 0.016885553470919325 0.04 0.03189493433395872
11 0.7 0.0150093808630394 0.0425 0.0300187617260788
11 0.58375 0.08442776735459662 0.04 0.06566604127579738
11 0.58375 0.4727954971857411 0.04375 0.06566604127579738
11 0.995 0.9953095684803002 0.01 0.009380863039399626
11 0.6375 0.9971857410881801 0.0425 0.005628517823639775
7 0.6575 0.01876172607879925 0.01375 0.0375234521575985
7 0.64375 0.013133208255159476 0.01625 0.024390243902439025
5 0.3625 0.013133208255159476 0.035 0.024390243902439025
5 0.35875 0.013133208255159476 0.0325 0.02626641651031895
5 0.355 0.0150093808630394 0.035 0.0300187617260788
5 0.35875 0.0150093808630394 0.03125 0.028142589118198873
5 0.74125 0.013133208255159476 0.0375 0.02626641651031895
5 0.66625 0.0150093808630394 0.04375 0.028142589118198873
4 0.365 0.01125703564727955 0.0525 0.020637898686679174
5 0.35625 0.013133208255159476 0.035 0.02626641651031895
4 0.935 0.020637898686679174 0.03125 0.039399624765478425
5 0.35875 0.013133208255159476 0.035 0.02626641651031895
5 0.485 0.016885553470919325 0.03625 0.03189493433395872
4 0.705 0.020637898686679174 0.0325 0.039399624765478425