11 0.01125 0.6341463414634146 0.02125 0.0675422138836773
11 0.01 0.6341463414634146 0.02 0.06378986866791744
11 0.01 0.8198874296435272 0.02 0.06191369606003752
11 0.01 0.4803001876172608 0.02 0.06191369606003752
11 0.01125 0.8855534709193246 0.02125 0.06378986866791744
11 0.01 0.016885553470919325 0.02 0.03189493433395872
11 0.01 0.016885553470919325 0.02 0.03189493433395872
11 0.01 0.016885553470919325 0.02 0.03189493433395872
11 0.01 0.0150093808630394 0.02 0.0300187617260788
4 0.01125 0.013133208255159476 0.02125 0.02626641651031895
4 0.00875 0.020637898686679174 0.01625 0.04127579737335835
4 0.00875 0.016885553470919325 0.01625 0.03377110694183865
4 0.01125 0.013133208255159476 0.0225 0.024390243902439025
4 0.01125 0.013133208255159476 0.0225 0.02626641651031895
4 0.00875 0.2926829268292683 0.0175 0.08067542213883677
4 0.00875 0.29080675422138835 0.01625 0.08067542213883677
4 0.01125 0.1294559099437148 0.0225 0.054409005628517824
7 0.02125 0.0075046904315197 0.04125 0.0150093808630394
7 0.01625 0.005628517823639775 0.0325 0.01125703564727955
4 0.01125 0.6866791744840526 0.0225 0.054409005628517824
4 0.00875 0.3076923076923077 0.0175 0.075046904315197
4 0.00875 0.3058161350844278 0.01625 0.06566604127579738
7 0.00375 0.8480300187617261 0.00625 0.08067542213883677
7 0.0125 0.7861163227016885 0.025 0.024390243902439025
7 0.005 0.6679174484052532 0.00875 0.06378986866791744
7 0.00375 0.6585365853658537 0.00625 0.06941838649155722
7 0.00625 0.7654784240150094 0.01125 0.08442776735459662
7 0.00375 0.9287054409005628 0.00625 0.07879924953095685
5 0.0075 0.8555347091932458 0.015 0.05628517823639775
5 0.00875 0.99812382739212 0.0175 0.001876172607879925
5 0.01 0.9887429643527205 0.01875 0.020637898686679174
5 0.00875 0.9934333958724203 0.0175 0.013133208255159476
4 0.0075 0.99906191369606 0.015 0.001876172607879925
5 0.00875 0.39587242026266417 0.0175 0.054409005628517824
5 0.00875 0.30206378986866794 0.0175 0.06378986866791744
4 0.00875 0.3076923076923077 0.01625 0.08067542213883677
5 0.00875 0.2964352720450281 0.0175 0.05065666041275797
5 0.0075 0.350844277673546 0.01375 0.05065666041275797
1 0.01 0.5666041275797373 0.01875 0.06191369606003752