11 0.01 0.014010507880910683 0.02 0.028021015761821366
4 0.01 0.010507880910683012 0.02 0.01926444833625219
8 0.01 0.010507880910683012 0.01875 0.01926444833625219
5 0.00625 0.008756567425569177 0.0125 0.017513134851138354
11 0.01 0.014010507880910683 0.02 0.028021015761821366
11 0.01 0.014010507880910683 0.02 0.028021015761821366
11 0.01 0.01576182136602452 0.02 0.0297723292469352
11 0.01 0.014010507880910683 0.02 0.028021015761821366
5 0.00625 0.010507880910683012 0.0125 0.01926444833625219
11 0.01 0.014010507880910683 0.02 0.028021015761821366
11 0.01 0.014010507880910683 0.02 0.028021015761821366
11 0.01 0.014010507880910683 0.02 0.028021015761821366
4 0.00625 0.0070052539404553416 0.01125 0.014010507880910683
4 0.005 0.008756567425569177 0.01 0.01576182136602452
5 0.00625 0.008756567425569177 0.01125 0.01576182136602452
11 0.01 0.014010507880910683 0.02 0.028021015761821366
4 0.00625 0.0070052539404553416 0.01125 0.014010507880910683
11 0.01 0.014010507880910683 0.01875 0.028021015761821366
11 0.01 0.014010507880910683 0.02 0.028021015761821366
11 0.01 0.17688266199649738 0.01875 0.05604203152364273
11 0.01 0.17688266199649738 0.02 0.05604203152364273
11 0.01 0.7180385288966725 0.02 0.05604203152364273
11 0.01 0.7180385288966725 0.02 0.05779334500875657
11 0.01 0.4711033274956217 0.01875 0.05604203152364273
11 0.01 0.4711033274956217 0.02 0.05604203152364273
11 0.01 0.014010507880910683 0.01875 0.028021015761821366
11 0.01 0.014010507880910683 0.02 0.028021015761821366
11 0.01 0.014010507880910683 0.02 0.028021015761821366
11 0.01 0.014010507880910683 0.02 0.028021015761821366
11 0.01 0.014010507880910683 0.02 0.028021015761821366
11 0.01 0.014010507880910683 0.02 0.028021015761821366
11 0.01 0.014010507880910683 0.02 0.028021015761821366
11 0.01 0.01576182136602452 0.02 0.0297723292469352
11 0.01 0.014010507880910683 0.02 0.028021015761821366
11 0.01 0.014010507880910683 0.02 0.028021015761821366
11 0.01 0.5884413309982487 0.02 0.05604203152364273
11 0.01 0.19439579684763572 0.02 0.05604203152364273
11 0.01 0.5884413309982487 0.02 0.05779334500875657
11 0.01 0.19264448336252188 0.02 0.05604203152364273
11 0.01 0.14010507880910683 0.02 0.05604203152364273
11 0.01 0.6077057793345009 0.02 0.05779334500875657
11 0.01 0.014010507880910683 0.01875 0.028021015761821366
11 0.01 0.014010507880910683 0.02 0.028021015761821366
11 0.01 0.014010507880910683 0.02 0.028021015761821366
11 0.01 0.014010507880910683 0.02 0.028021015761821366
11 0.01 0.014010507880910683 0.02 0.028021015761821366
11 0.01 0.014010507880910683 0.02 0.028021015761821366
11 0.01 0.014010507880910683 0.02 0.02626970227670753
11 0.01 0.014010507880910683 0.02 0.028021015761821366
11 0.01 0.014010507880910683 0.02 0.028021015761821366
11 0.01 0.014010507880910683 0.02 0.028021015761821366
11 0.01 0.014010507880910683 0.02 0.028021015761821366
11 0.01 0.014010507880910683 0.02 0.028021015761821366
11 0.01 0.014010507880910683 0.02 0.02626970227670753
11 0.01 0.48336252189141854 0.02 0.0595446584938704
11 0.01 0.4798598949211909 0.02 0.05604203152364273
11 0.01 0.15761821366024517 0.02 0.05604203152364273
11 0.01 0.014010507880910683 0.01875 0.028021015761821366
11 0.01 0.014010507880910683 0.02 0.028021015761821366
11 0.01 0.014010507880910683 0.02 0.028021015761821366
11 0.01 0.014010507880910683 0.01875 0.028021015761821366
11 0.01 0.014010507880910683 0.02 0.028021015761821366
11 0.01 0.014010507880910683 0.02 0.02626970227670753
11 0.01 0.014010507880910683 0.02 0.02626970227670753
11 0.01 0.014010507880910683 0.02 0.028021015761821366
11 0.01 0.014010507880910683 0.01875 0.02626970227670753
11 0.01 0.014010507880910683 0.01875 0.02626970227670753
11 0.01 0.014010507880910683 0.02 0.02626970227670753
11 0.01 0.014010507880910683 0.02 0.028021015761821366
11 0.01 0.014010507880910683 0.01875 0.02626970227670753
11 0.01 0.014010507880910683 0.02 0.028021015761821366
11 0.01 0.014010507880910683 0.02 0.028021015761821366
11 0.01 0.014010507880910683 0.01875 0.028021015761821366
11 0.01 0.014010507880910683 0.02 0.028021015761821366
11 0.00875 0.021015761821366025 0.0175 0.040280210157618214
11 0.00875 0.2031523642732049 0.0175 0.05253940455341506
11 0.01 0.39404553415061294 0.01875 0.05604203152364273
11 0.00875 0.5183887915936952 0.0175 0.05253940455341506
11 0.01 0.670753064798599 0.02 0.05604203152364273
11 0.00875 0.7460595446584939 0.0175 0.05253940455341506
11 0.00875 0.5148861646234676 0.0175 0.0542907180385289
11 0.00875 0.012259194395796848 0.0175 0.024518388791593695
11 0.00875 0.012259194395796848 0.0175 0.024518388791593695
11 0.00875 0.012259194395796848 0.0175 0.024518388791593695
11 0.01 0.014010507880910683 0.02 0.028021015761821366
11 0.01 0.014010507880910683 0.02 0.028021015761821366
11 0.01 0.014010507880910683 0.02 0.028021015761821366
11 0.01 0.014010507880910683 0.02 0.028021015761821366
7 0.0025 0.014010507880910683 0.00375 0.028021015761821366
7 0.01 0.0035026269702276708 0.01875 0.005253940455341506
7 0.01 0.0035026269702276708 0.01875 0.005253940455341506
7 0.01 0.0035026269702276708 0.01875 0.005253940455341506
7 0.01 0.0035026269702276708 0.01875 0.005253940455341506
7 0.01 0.0035026269702276708 0.01875 0.005253940455341506
7 0.01 0.0035026269702276708 0.01875 0.005253940455341506
7 0.0025 0.012259194395796848 0.00375 0.024518388791593695
7 0.0025 0.014010507880910683 0.00375 0.02626970227670753
7 0.0025 0.012259194395796848 0.00375 0.024518388791593695
7 0.01 0.0035026269702276708 0.01875 0.005253940455341506
7 0.01 0.0035026269702276708 0.01875 0.005253940455341506
7 0.00875 0.0035026269702276708 0.0175 0.005253940455341506
7 0.01 0.0035026269702276708 0.01875 0.0070052539404553416
7 0.01 0.0035026269702276708 0.01875 0.005253940455341506
7 0.01 0.0035026269702276708 0.01875 0.005253940455341506
7 0.01 0.0035026269702276708 0.01875 0.005253940455341506
7 0.01 0.0035026269702276708 0.01875 0.005253940455341506
7 0.01 0.0035026269702276708 0.01875 0.005253940455341506
7 0.01 0.0035026269702276708 0.01875 0.005253940455341506
7 0.01 0.0035026269702276708 0.01875 0.005253940455341506
7 0.00875 0.0035026269702276708 0.0175 0.005253940455341506
7 0.0025 0.012259194395796848 0.00375 0.02276707530647986
7 0.0025 0.26444833625218916 0.00375 0.050788091068301226
7 0.00625 0.7495621716287215 0.01125 0.03502626970227671
7 0.01 0.0035026269702276708 0.01875 0.005253940455341506
7 0.0025 0.012259194395796848 0.00375 0.024518388791593695
7 0.0025 0.012259194395796848 0.00375 0.024518388791593695
7 0.00875 0.0035026269702276708 0.0175 0.005253940455341506
7 0.01 0.0035026269702276708 0.01875 0.005253940455341506
7 0.01 0.0035026269702276708 0.01875 0.0070052539404553416
7 0.0025 0.014010507880910683 0.00375 0.02626970227670753
7 0.0025 0.014010507880910683 0.00375 0.02626970227670753
7 0.0025 0.06830122591943957 0.00375 0.05604203152364273
7 0.0025 0.06830122591943957 0.00375 0.05604203152364273
7 0.0025 0.7145359019264448 0.00375 0.05253940455341506
7 0.0025 0.7145359019264448 0.00375 0.05253940455341506
7 0.01 0.6112084063047285 0.02 0.01576182136602452
7 0.0025 0.014010507880910683 0.00375 0.02626970227670753
7 0.0025 0.014010507880910683 0.00375 0.02626970227670753
7 0.0025 0.014010507880910683 0.00375 0.02626970227670753
7 0.0025 0.014010507880910683 0.00375 0.02626970227670753
7 0.0025 0.012259194395796848 0.00375 0.024518388791593695
7 0.0025 0.012259194395796848 0.00375 0.024518388791593695
7 0.0025 0.012259194395796848 0.00375 0.02276707530647986
7 0.0025 0.012259194395796848 0.00375 0.02276707530647986
7 0.0025 0.014010507880910683 0.00375 0.02626970227670753
7 0.0025 0.012259194395796848 0.00375 0.024518388791593695
7 0.0025 0.012259194395796848 0.00375 0.024518388791593695
7 0.0025 0.5376532399299475 0.00375 0.050788091068301226
7 0.0025 0.5376532399299475 0.00375 0.0542907180385289
7 0.0025 0.5376532399299475 0.00375 0.04903677758318739
7 0.0025 0.014010507880910683 0.00375 0.02626970227670753
7 0.0025 0.014010507880910683 0.00375 0.02626970227670753
7 0.0025 0.012259194395796848 0.00375 0.024518388791593695
7 0.0025 0.010507880910683012 0.00375 0.021015761821366025
7 0.0025 0.010507880910683012 0.005 0.021015761821366025
7 0.0025 0.010507880910683012 0.00375 0.021015761821366025
7 0.0025 0.010507880910683012 0.005 0.021015761821366025
7 0.0025 0.010507880910683012 0.005 0.021015761821366025
7 0.0025 0.012259194395796848 0.00375 0.02276707530647986
7 0.0025 0.012259194395796848 0.00375 0.02276707530647986
7 0.0025 0.012259194395796848 0.00375 0.02276707530647986
7 0.0025 0.012259194395796848 0.00375 0.02276707530647986
7 0.0025 0.012259194395796848 0.00375 0.02276707530647986
7 0.0025 0.012259194395796848 0.00375 0.024518388791593695
7 0.0025 0.012259194395796848 0.00375 0.024518388791593695
7 0.0025 0.012259194395796848 0.00375 0.024518388791593695
7 0.0025 0.012259194395796848 0.00375 0.024518388791593695
7 0.0025 0.014010507880910683 0.00375 0.02626970227670753
7 0.0025 0.012259194395796848 0.00375 0.024518388791593695
7 0.0025 0.012259194395796848 0.00375 0.024518388791593695
7 0.0025 0.04553415061295972 0.00375 0.050788091068301226
7 0.0025 0.04553415061295972 0.00375 0.04903677758318739
7 0.0025 0.04553415061295972 0.00375 0.04903677758318739
7 0.0025 0.012259194395796848 0.00375 0.024518388791593695
7 0.0025 0.012259194395796848 0.00375 0.024518388791593695
7 0.0025 0.012259194395796848 0.00375 0.024518388791593695
7 0.00875 0.0035026269702276708 0.0175 0.005253940455341506
7 0.0025 0.012259194395796848 0.00375 0.024518388791593695
7 0.0025 0.012259194395796848 0.00375 0.024518388791593695
7 0.0025 0.012259194395796848 0.00375 0.024518388791593695
7 0.0025 0.012259194395796848 0.00375 0.02276707530647986
6 0.0075 0.010507880910683012 0.015 0.021015761821366025
1 0.00875 0.012259194395796848 0.01625 0.02276707530647986
2 0.03625 0.050788091068301226 0.07125 0.09982486865148861
3 0.00875 0.012259194395796848 0.01625 0.024518388791593695
9 0.00875 0.014010507880910683 0.0175 0.02626970227670753
10 0.01375 0.010507880910683012 0.0275 0.021015761821366025
0 0.01625 0.010507880910683012 0.03125 0.021015761821366025
3 0.01 0.014010507880910683 0.02 0.02626970227670753
4 0.005 0.7250437828371279 0.01 0.03327495621716287
4 0.00625 0.6357267950963222 0.01125 0.028021015761821366
4 0.00625 0.1330998248686515 0.01125 0.028021015761821366
4 0.005 0.008756567425569177 0.00875 0.01576182136602452
4 0.00625 0.5901926444833625 0.01125 0.024518388791593695
4 0.005 0.05604203152364273 0.00875 0.03327495621716287
4 0.005 0.008756567425569177 0.00875 0.01576182136602452
7 0.00375 0.06654991243432574 0.00625 0.0542907180385289
7 0.0025 0.014010507880910683 0.005 0.02626970227670753
7 0.0025 0.014010507880910683 0.005 0.02626970227670753
7 0.0025 0.014010507880910683 0.00375 0.02626970227670753
7 0.0025 0.012259194395796848 0.00375 0.024518388791593695
7 0.0025 0.014010507880910683 0.00375 0.02626970227670753
4 0.00625 0.08056042031523643 0.01125 0.02626970227670753
5 0.00625 0.1295971978984238 0.01125 0.03327495621716287
4 0.00625 0.3922942206654991 0.01125 0.028021015761821366
4 0.00625 0.7618213660245184 0.01125 0.028021015761821366
4 0.005 0.8598949211908932 0.00875 0.03152364273204904
4 0.00625 0.6760070052539404 0.01125 0.02626970227670753
4 0.005 0.658493870402802 0.00875 0.03327495621716287
4 0.00625 0.23117338003502627 0.01125 0.028021015761821366
4 0.00625 0.09632224168126094 0.01125 0.028021015761821366
4 0.005 0.03677758318739054 0.00875 0.03327495621716287
4 0.005 0.008756567425569177 0.00875 0.01576182136602452
4 0.00625 0.0070052539404553416 0.01125 0.012259194395796848
4 0.00625 0.0070052539404553416 0.01125 0.012259194395796848
4 0.00625 0.0070052539404553416 0.01125 0.012259194395796848
4 0.00625 0.38353765323992994 0.01125 0.028021015761821366
4 0.005 0.660245183887916 0.00875 0.03327495621716287
4 0.005 0.008756567425569177 0.00875 0.01576182136602452
1 0.0075 0.010507880910683012 0.015 0.021015761821366025
4 0.005 0.008756567425569177 0.00875 0.01576182136602452
4 0.00625 0.0070052539404553416 0.01125 0.012259194395796848
4 0.00625 0.0070052539404553416 0.01125 0.012259194395796848
4 0.00625 0.005253940455341506 0.01125 0.010507880910683012
4 0.005 0.008756567425569177 0.00875 0.01576182136602452
4 0.00625 0.0070052539404553416 0.01125 0.014010507880910683
4 0.005 0.008756567425569177 0.00875 0.01576182136602452
4 0.00625 0.0070052539404553416 0.01125 0.012259194395796848
4 0.00625 0.0070052539404553416 0.01125 0.012259194395796848
4 0.00625 0.005253940455341506 0.01125 0.010507880910683012
4 0.005 0.008756567425569177 0.00875 0.01576182136602452
4 0.005 0.008756567425569177 0.01 0.01576182136602452
4 0.00625 0.0070052539404553416 0.01125 0.012259194395796848
4 0.00625 0.0070052539404553416 0.01125 0.012259194395796848
1 0.0075 0.3502626970227671 0.015 0.04553415061295972
3 0.01375 0.01926444833625219 0.0275 0.03677758318739054
3 0.01375 0.9457092819614711 0.0275 0.08056042031523643
3 0.01375 0.9457092819614711 0.0275 0.07705779334500876
3 0.01375 0.8143607705779334 0.0275 0.08056042031523643
3 0.01375 0.5901926444833625 0.02625 0.07705779334500876
3 0.01375 0.8143607705779334 0.02625 0.07880910683012259
3 0.01375 0.01926444833625219 0.02625 0.03852889667250438
2 0.06 0.0840630472854641 0.12 0.1681260945709282
3 0.01125 0.014010507880910683 0.02125 0.028021015761821366
3 0.01125 0.014010507880910683 0.02125 0.028021015761821366
3 0.01125 0.014010507880910683 0.02125 0.028021015761821366
2 0.06125 0.18563922942206654 0.1225 0.3380035026269702
2 0.06 0.44658493870402804 0.11875 0.3397548161120841
3 0.0125 0.01926444833625219 0.02375 0.03677758318739054
3 0.0125 0.01926444833625219 0.025 0.03677758318739054
3 0.01375 0.021015761821366025 0.0275 0.040280210157618214
3 0.01375 0.01926444833625219 0.0275 0.03677758318739054
3 0.01375 0.01926444833625219 0.02625 0.03852889667250438
3 0.01375 0.01926444833625219 0.0275 0.03852889667250438
2 0.06 0.0840630472854641 0.12 0.1681260945709282
2 0.06 0.0840630472854641 0.12 0.1681260945709282
3 0.01375 0.01926444833625219 0.02625 0.03852889667250438
4 0.00625 0.0070052539404553416 0.01125 0.012259194395796848
4 0.005 0.008756567425569177 0.00875 0.01576182136602452
5 0.00625 0.6024518388791593 0.01125 0.03327495621716287
5 0.00625 0.38003502626970226 0.01125 0.03327495621716287
5 0.00625 0.7250437828371279 0.01125 0.03327495621716287
5 0.00625 0.7267950963222417 0.01125 0.0297723292469352
5 0.00625 0.7250437828371279 0.01125 0.028021015761821366
5 0.00625 0.19964973730297722 0.01125 0.03327495621716287
5 0.00625 0.29071803852889666 0.01125 0.03327495621716287
5 0.00625 0.1295971978984238 0.01125 0.03327495621716287
5 0.005 0.1295971978984238 0.01 0.0297723292469352
6 0.00625 0.12084063047285463 0.0125 0.03852889667250438
6 0.00625 0.0647985989492119 0.0125 0.040280210157618214
5 0.00625 0.008756567425569177 0.01125 0.01576182136602452
5 0.00625 0.008756567425569177 0.01125 0.01576182136602452
5 0.0075 0.010507880910683012 0.015 0.021015761821366025
6 0.0075 0.010507880910683012 0.01375 0.01926444833625219
5 0.00625 0.008756567425569177 0.01125 0.01576182136602452
5 0.00625 0.008756567425569177 0.01125 0.01576182136602452
6 0.0075 0.010507880910683012 0.01375 0.01926444833625219
4 0.005 0.008756567425569177 0.00875 0.01576182136602452
4 0.00625 0.0070052539404553416 0.01125 0.012259194395796848
5 0.005 0.0070052539404553416 0.00875 0.014010507880910683
5 0.005 0.0070052539404553416 0.00875 0.014010507880910683
4 0.00625 0.0070052539404553416 0.01125 0.012259194395796848
5 0.005 0.008756567425569177 0.00875 0.01576182136602452
5 0.005 0.0070052539404553416 0.01 0.014010507880910683
6 0.0075 0.010507880910683012 0.01375 0.021015761821366025
6 0.0075 0.010507880910683012 0.01375 0.01926444833625219
5 0.00625 0.008756567425569177 0.01125 0.01576182136602452
5 0.00625 0.008756567425569177 0.01125 0.01576182136602452
5 0.00625 0.008756567425569177 0.01125 0.017513134851138354
5 0.00625 0.138353765323993 0.0125 0.03852889667250438
5 0.00625 0.7197898423817863 0.01125 0.03677758318739054
5 0.00625 0.008756567425569177 0.01125 0.01576182136602452
5 0.00625 0.008756567425569177 0.0125 0.017513134851138354
5 0.0075 0.010507880910683012 0.01375 0.021015761821366025
5 0.00625 0.010507880910683012 0.0125 0.01926444833625219
5 0.0075 0.008756567425569177 0.01375 0.017513134851138354
7 0.00375 0.012259194395796848 0.00625 0.024518388791593695
7 0.0025 0.014010507880910683 0.005 0.028021015761821366
8 0.00875 0.008756567425569177 0.0175 0.017513134851138354
8 0.00875 0.008756567425569177 0.0175 0.017513134851138354
10 0.01375 0.008756567425569177 0.0275 0.01576182136602452
10 0.00625 0.6077057793345009 0.0125 0.07705779334500876
10 0.01375 0.626970227670753 0.0275 0.04553415061295972
10 0.015 0.7478108581436077 0.03 0.03852889667250438
10 0.01375 0.7705779334500875 0.0275 0.03677758318739054
10 0.00625 0.4395796847635727 0.0125 0.07530647985989491
3 0.01125 0.2521891418563923 0.02125 0.0595446584938704
7 0.00375 0.1138353765323993 0.0075 0.01576182136602452
7 0.0075 0.1330998248686515 0.01375 0.01576182136602452
7 0.0075 0.15061295971978983 0.015 0.01576182136602452
7 0.00625 0.06304728546409807 0.0125 0.017513134851138354
7 0.00625 0.040280210157618214 0.01125 0.01576182136602452
7 0.0075 0.024518388791593695 0.015 0.01576182136602452
5 0.00625 0.008756567425569177 0.01125 0.017513134851138354
5 0.00625 0.008756567425569177 0.0125 0.017513134851138354
5 0.00625 0.008756567425569177 0.0125 0.017513134851138354
10 0.01375 0.008756567425569177 0.0275 0.01576182136602452
5 0.00625 0.7250437828371279 0.01125 0.03327495621716287
0 0.0075 0.138353765323993 0.015 0.0893169877408056
0 0.0075 0.01926444833625219 0.01375 0.03852889667250438
10 0.00625 0.01576182136602452 0.0125 0.03152364273204904
0 0.0075 0.021015761821366025 0.015 0.040280210157618214
6 0.0075 0.010507880910683012 0.015 0.021015761821366025
5 0.00625 0.008756567425569177 0.0125 0.017513134851138354
1 0.0075 0.010507880910683012 0.015 0.021015761821366025
0 0.0075 0.021015761821366025 0.015 0.04203152364273205
1 0.0075 0.012259194395796848 0.015 0.02276707530647986
1 0.00875 0.010507880910683012 0.01625 0.021015761821366025