11 0.54125 0.014010507880910683 0.04125 0.028021015761821366
11 0.54 0.014010507880910683 0.0425 0.028021015761821366
11 0.25625 0.014010507880910683 0.04 0.028021015761821366
11 0.255 0.014010507880910683 0.04 0.028021015761821366
11 0.7925 0.014010507880910683 0.04125 0.028021015761821366
11 0.8 0.017513134851138354 0.04375 0.03327495621716287
11 0.1575 0.014010507880910683 0.04375 0.028021015761821366
11 0.01 0.014010507880910683 0.02 0.028021015761821366
11 0.01 0.01576182136602452 0.02 0.0297723292469352
11 0.01125 0.014010507880910683 0.02125 0.028021015761821366
11 0.1575 0.01576182136602452 0.04375 0.0297723292469352
11 0.8 0.01576182136602452 0.04375 0.0297723292469352
11 0.80125 0.014010507880910683 0.04 0.028021015761821366
11 0.1575 0.014010507880910683 0.04125 0.028021015761821366
11 0.01 0.014010507880910683 0.02 0.028021015761821366
11 0.01 0.014010507880910683 0.02 0.028021015761821366
11 0.01 0.014010507880910683 0.02 0.028021015761821366
11 0.4425 0.014010507880910683 0.04 0.028021015761821366
11 0.7675 0.014010507880910683 0.04 0.028021015761821366
11 0.11625 0.014010507880910683 0.04 0.028021015761821366
11 0.01 0.014010507880910683 0.02 0.028021015761821366
11 0.01 0.014010507880910683 0.02 0.028021015761821366
11 0.01 0.014010507880910683 0.02 0.028021015761821366
11 0.01 0.014010507880910683 0.02 0.02626970227670753
11 0.01 0.014010507880910683 0.02 0.028021015761821366
11 0.01 0.014010507880910683 0.02 0.028021015761821366
11 0.01 0.014010507880910683 0.02 0.028021015761821366
11 0.1175 0.014010507880910683 0.04 0.028021015761821366
11 0.44375 0.014010507880910683 0.04 0.028021015761821366
11 0.76875 0.014010507880910683 0.04 0.02626970227670753
11 0.01 0.014010507880910683 0.02 0.028021015761821366
11 0.01 0.014010507880910683 0.02 0.028021015761821366
11 0.01 0.014010507880910683 0.02 0.028021015761821366
11 0.01 0.014010507880910683 0.01875 0.028021015761821366
11 0.01 0.014010507880910683 0.02 0.028021015761821366
11 0.01 0.014010507880910683 0.02 0.028021015761821366
11 0.01 0.014010507880910683 0.01875 0.028021015761821366
11 0.01 0.014010507880910683 0.02 0.028021015761821366
11 0.01 0.014010507880910683 0.02 0.02626970227670753
11 0.01 0.014010507880910683 0.02 0.02626970227670753
11 0.01 0.014010507880910683 0.02 0.028021015761821366
11 0.01 0.014010507880910683 0.01875 0.02626970227670753
11 0.01 0.014010507880910683 0.01875 0.02626970227670753
11 0.01 0.014010507880910683 0.02 0.02626970227670753
11 0.01 0.014010507880910683 0.02 0.028021015761821366
11 0.01 0.014010507880910683 0.01875 0.02626970227670753
11 0.01 0.014010507880910683 0.02 0.028021015761821366
11 0.01 0.014010507880910683 0.02 0.028021015761821366
11 0.01 0.014010507880910683 0.01875 0.028021015761821366
11 0.01 0.014010507880910683 0.02 0.028021015761821366
11 0.00875 0.012259194395796848 0.0175 0.024518388791593695
11 0.00875 0.014010507880910683 0.0175 0.02626970227670753
11 0.01 0.014010507880910683 0.01875 0.02626970227670753
11 0.00875 0.014010507880910683 0.0175 0.02626970227670753
11 0.01 0.014010507880910683 0.02 0.028021015761821366
11 0.00875 0.014010507880910683 0.0175 0.02626970227670753
11 0.00875 0.014010507880910683 0.0175 0.02626970227670753
11 0.00875 0.012259194395796848 0.0175 0.024518388791593695
11 0.00875 0.012259194395796848 0.0175 0.024518388791593695
11 0.00875 0.012259194395796848 0.0175 0.024518388791593695
7 0.01 0.0035026269702276708 0.01875 0.005253940455341506
7 0.01 0.0035026269702276708 0.01875 0.005253940455341506
7 0.01 0.0035026269702276708 0.01875 0.005253940455341506
7 0.01 0.0035026269702276708 0.01875 0.005253940455341506
7 0.01 0.0035026269702276708 0.01875 0.005253940455341506
7 0.01 0.0035026269702276708 0.01875 0.005253940455341506
7 0.0025 0.012259194395796848 0.00375 0.024518388791593695
7 0.0025 0.014010507880910683 0.00375 0.02626970227670753
7 0.0025 0.012259194395796848 0.00375 0.024518388791593695
7 0.01 0.0035026269702276708 0.01875 0.005253940455341506
7 0.01 0.0035026269702276708 0.01875 0.005253940455341506
7 0.00875 0.0035026269702276708 0.0175 0.005253940455341506
7 0.01 0.0035026269702276708 0.01875 0.0070052539404553416
7 0.01 0.0035026269702276708 0.01875 0.005253940455341506
7 0.01 0.0035026269702276708 0.01875 0.005253940455341506
7 0.01 0.0035026269702276708 0.01875 0.005253940455341506
7 0.01 0.0035026269702276708 0.01875 0.005253940455341506
7 0.01 0.0035026269702276708 0.01875 0.005253940455341506
7 0.01 0.0035026269702276708 0.01875 0.005253940455341506
7 0.01 0.0035026269702276708 0.01875 0.005253940455341506
7 0.00875 0.0035026269702276708 0.0175 0.005253940455341506
7 0.0025 0.012259194395796848 0.00375 0.02276707530647986
7 0.0025 0.012259194395796848 0.00375 0.024518388791593695
7 0.00625 0.008756567425569177 0.01125 0.01576182136602452
7 0.01 0.0035026269702276708 0.01875 0.005253940455341506
7 0.0025 0.012259194395796848 0.00375 0.024518388791593695
7 0.0025 0.012259194395796848 0.00375 0.024518388791593695
7 0.00875 0.0035026269702276708 0.0175 0.005253940455341506
7 0.01 0.0035026269702276708 0.01875 0.005253940455341506
7 0.01 0.0035026269702276708 0.01875 0.0070052539404553416
7 0.0025 0.014010507880910683 0.00375 0.02626970227670753
7 0.0025 0.014010507880910683 0.00375 0.02626970227670753
7 0.0025 0.014010507880910683 0.00375 0.02626970227670753
7 0.0025 0.014010507880910683 0.00375 0.02626970227670753
7 0.0025 0.014010507880910683 0.00375 0.02626970227670753
7 0.0025 0.012259194395796848 0.00375 0.024518388791593695
7 0.01 0.0035026269702276708 0.02 0.0070052539404553416
7 0.8825 0.014010507880910683 0.00875 0.02626970227670753
7 0.89625 0.014010507880910683 0.00875 0.02626970227670753
7 0.90875 0.014010507880910683 0.01 0.02626970227670753
7 0.99875 0.014010507880910683 0.00125 0.02626970227670753
7 0.66125 0.012259194395796848 0.01 0.024518388791593695
7 0.675 0.012259194395796848 0.01 0.02276707530647986
7 0.99625 0.012259194395796848 0.00625 0.024518388791593695
7 0.9725 0.012259194395796848 0.01 0.024518388791593695
7 0.985 0.014010507880910683 0.01 0.02626970227670753
7 0.99625 0.012259194395796848 0.00625 0.02276707530647986
3 0.0525 0.01576182136602452 0.0425 0.03152364273204904
3 0.05 0.01576182136602452 0.045 0.03152364273204904
3 0.05 0.01576182136602452 0.045 0.03152364273204904
3 0.48 0.01576182136602452 0.04375 0.0297723292469352
4 0.395 0.008756567425569177 0.02 0.01576182136602452
4 0.64 0.0070052539404553416 0.02375 0.012259194395796848
4 0.64 0.0070052539404553416 0.02375 0.012259194395796848
4 0.65625 0.008756567425569177 0.02 0.01576182136602452
4 0.15625 0.005253940455341506 0.02375 0.010507880910683012
4 0.31625 0.008756567425569177 0.02 0.01576182136602452
4 0.25 0.008756567425569177 0.02 0.01576182136602452
7 0.17375 0.014010507880910683 0.01375 0.02626970227670753
7 0.1725 0.014010507880910683 0.0125 0.02626970227670753
7 0.16 0.014010507880910683 0.01125 0.02626970227670753
7 0.14625 0.014010507880910683 0.01125 0.02626970227670753
7 0.13375 0.012259194395796848 0.01125 0.024518388791593695
7 0.12 0.014010507880910683 0.01 0.02626970227670753
4 0.00625 0.0070052539404553416 0.01125 0.012259194395796848
5 0.00625 0.008756567425569177 0.01125 0.01576182136602452
4 0.00625 0.0070052539404553416 0.01125 0.012259194395796848
4 0.99 0.0070052539404553416 0.02 0.012259194395796848
4 0.005 0.008756567425569177 0.00875 0.01576182136602452
4 0.00625 0.0070052539404553416 0.01125 0.012259194395796848
4 0.00625 0.0070052539404553416 0.01125 0.012259194395796848
4 0.00625 0.005253940455341506 0.01125 0.010507880910683012
4 0.005 0.008756567425569177 0.00875 0.01576182136602452
4 0.00625 0.0070052539404553416 0.01125 0.014010507880910683
4 0.005 0.008756567425569177 0.00875 0.01576182136602452
4 0.00625 0.0070052539404553416 0.01125 0.012259194395796848
4 0.00625 0.0070052539404553416 0.01125 0.012259194395796848
4 0.00625 0.005253940455341506 0.01125 0.010507880910683012
4 0.005 0.008756567425569177 0.00875 0.01576182136602452
4 0.005 0.008756567425569177 0.01 0.01576182136602452
4 0.00625 0.0070052539404553416 0.01125 0.012259194395796848
4 0.00625 0.0070052539404553416 0.01125 0.012259194395796848
1 0.79875 0.010507880910683012 0.03125 0.021015761821366025
3 0.19 0.01926444833625219 0.05625 0.03852889667250438
3 0.7025 0.01926444833625219 0.0525 0.03852889667250438
3 0.01375 0.01926444833625219 0.02625 0.03852889667250438
3 0.01375 0.01926444833625219 0.02625 0.03852889667250438
2 0.06 0.0840630472854641 0.12 0.1681260945709282
3 0.01125 0.014010507880910683 0.02125 0.028021015761821366
3 0.01125 0.014010507880910683 0.02125 0.028021015761821366
3 0.01125 0.014010507880910683 0.02125 0.028021015761821366
3 0.01375 0.01926444833625219 0.02625 0.03852889667250438
3 0.01375 0.01926444833625219 0.0275 0.03852889667250438
2 0.06 0.0840630472854641 0.12 0.1681260945709282
2 0.44375 0.0840630472854641 0.2425 0.1681260945709282
4 0.00625 0.0070052539404553416 0.01125 0.012259194395796848
4 0.005 0.008756567425569177 0.00875 0.01576182136602452
5 0.00625 0.008756567425569177 0.01125 0.01576182136602452
5 0.00625 0.008756567425569177 0.01125 0.01576182136602452
5 0.00625 0.008756567425569177 0.01125 0.01576182136602452
5 0.00625 0.0070052539404553416 0.01125 0.014010507880910683
5 0.00625 0.0070052539404553416 0.01125 0.014010507880910683
5 0.00625 0.008756567425569177 0.01125 0.01576182136602452
5 0.00625 0.008756567425569177 0.01125 0.01576182136602452
5 0.00625 0.008756567425569177 0.01125 0.01576182136602452
5 0.005 0.0070052539404553416 0.01 0.014010507880910683
4 0.95 0.008756567425569177 0.01875 0.01576182136602452
5 0.97875 0.0070052539404553416 0.02 0.014010507880910683
5 0.97875 0.0070052539404553416 0.02 0.014010507880910683
5 0.97875 0.008756567425569177 0.02 0.01576182136602452
5 0.98 0.0070052539404553416 0.02125 0.014010507880910683
6 0.0075 0.010507880910683012 0.01375 0.021015761821366025
6 0.0075 0.010507880910683012 0.01375 0.01926444833625219
5 0.00625 0.008756567425569177 0.01125 0.01576182136602452
5 0.00625 0.008756567425569177 0.01125 0.01576182136602452
5 0.00625 0.008756567425569177 0.01125 0.017513134851138354
5 0.00625 0.010507880910683012 0.0125 0.01926444833625219
5 0.00625 0.008756567425569177 0.01125 0.01576182136602452
5 0.00625 0.008756567425569177 0.01125 0.01576182136602452
5 0.00625 0.008756567425569177 0.0125 0.017513134851138354
5 0.0075 0.010507880910683012 0.01375 0.021015761821366025
5 0.00625 0.010507880910683012 0.0125 0.01926444833625219
5 0.0075 0.008756567425569177 0.01375 0.017513134851138354
7 0.00375 0.012259194395796848 0.00625 0.024518388791593695
7 0.0025 0.014010507880910683 0.005 0.028021015761821366
10 0.11 0.01926444833625219 0.0275 0.03677758318739054
10 0.01375 0.010507880910683012 0.0275 0.021015761821366025
10 0.015 0.008756567425569177 0.03 0.017513134851138354
3 0.01125 0.014010507880910683 0.02125 0.028021015761821366
7 0.00375 0.0035026269702276708 0.0075 0.0070052539404553416
7 0.0075 0.0035026269702276708 0.01375 0.0070052539404553416
7 0.0075 0.0035026269702276708 0.015 0.0070052539404553416
7 0.00625 0.005253940455341506 0.0125 0.008756567425569177
7 0.00625 0.0035026269702276708 0.01125 0.0070052539404553416
7 0.0075 0.0035026269702276708 0.015 0.005253940455341506
5 0.00625 0.008756567425569177 0.01125 0.017513134851138354
5 0.00625 0.008756567425569177 0.0125 0.017513134851138354
5 0.00625 0.008756567425569177 0.0125 0.017513134851138354
10 0.01375 0.008756567425569177 0.0275 0.01576182136602452
5 0.71625 0.008756567425569177 0.02625 0.01576182136602452
10 0.00625 0.01576182136602452 0.0125 0.03152364273204904
0 0.0075 0.021015761821366025 0.015 0.040280210157618214
6 0.0075 0.010507880910683012 0.015 0.021015761821366025
5 0.00625 0.008756567425569177 0.0125 0.017513134851138354
1 0.0075 0.010507880910683012 0.015 0.021015761821366025
0 0.0075 0.021015761821366025 0.015 0.04203152364273205