11 0.73625 0.4938704028021016 0.04125 0.05779334500875657
11 0.73625 0.8021015761821366 0.0425 0.0595446584938704
11 0.35125 0.8021015761821366 0.04125 0.05779334500875657
11 0.35125 0.4973730297723292 0.04125 0.0595446584938704
11 0.16375 0.51138353765324 0.04 0.05779334500875657
4 0.24625 0.5201401050788091 0.025 0.0297723292469352
4 0.30125 0.25569176882662 0.02125 0.03502626970227671
5 0.57875 0.3222416812609457 0.02625 0.03502626970227671
11 0.075 0.8686514886164624 0.04 0.0595446584938704
4 0.09875 0.8073555166374781 0.02375 0.028021015761821366
11 0.8775 0.014010507880910683 0.04125 0.028021015761821366
11 0.87875 0.014010507880910683 0.04 0.028021015761821366
11 0.73125 0.07005253940455342 0.0425 0.0595446584938704
11 0.73125 0.01576182136602452 0.0425 0.0297723292469352
11 0.20375 0.014010507880910683 0.04125 0.028021015761821366
11 0.20375 0.07005253940455342 0.04125 0.0595446584938704
11 0.01 0.19439579684763572 0.01875 0.05779334500875657
11 0.01 0.20665499124343256 0.02 0.05604203152364273
11 0.01 0.19439579684763572 0.02 0.05779334500875657
11 0.01 0.19439579684763572 0.02 0.05604203152364273
11 0.01 0.20490367775831875 0.02 0.05604203152364273
11 0.01 0.22416812609457093 0.02 0.05604203152364273
11 0.01 0.07355516637478109 0.02 0.05604203152364273
11 0.01 0.014010507880910683 0.02 0.028021015761821366
11 0.01 0.014010507880910683 0.02 0.028021015761821366
11 0.01 0.014010507880910683 0.02 0.028021015761821366
11 0.01 0.014010507880910683 0.02 0.028021015761821366
11 0.01 0.014010507880910683 0.02 0.028021015761821366
11 0.01 0.014010507880910683 0.02 0.02626970227670753
11 0.01 0.014010507880910683 0.02 0.028021015761821366
11 0.01 0.014010507880910683 0.02 0.028021015761821366
11 0.01 0.014010507880910683 0.01875 0.028021015761821366
11 0.01 0.014010507880910683 0.02 0.028021015761821366
11 0.01 0.014010507880910683 0.02 0.02626970227670753
11 0.01 0.2171628721541156 0.02 0.05253940455341506
11 0.01 0.5884413309982487 0.02 0.05604203152364273
11 0.01 0.5901926444833625 0.01875 0.05604203152364273
11 0.01 0.5814360770577933 0.01875 0.05604203152364273
7 0.01 0.0035026269702276708 0.01875 0.005253940455341506
7 0.01 0.0035026269702276708 0.01875 0.005253940455341506
7 0.01 0.0035026269702276708 0.01875 0.005253940455341506
7 0.01 0.0035026269702276708 0.01875 0.005253940455341506
7 0.01 0.0035026269702276708 0.01875 0.005253940455341506
7 0.01 0.0035026269702276708 0.01875 0.005253940455341506
7 0.0025 0.46059544658493873 0.00375 0.05253940455341506
7 0.0025 0.46059544658493873 0.00375 0.05253940455341506
7 0.0025 0.46059544658493873 0.00375 0.05253940455341506
7 0.01 0.04203152364273205 0.01875 0.012259194395796848
7 0.00875 0.0595446584938704 0.0175 0.014010507880910683
7 0.01 0.07880910683012259 0.01875 0.01576182136602452
7 0.01 0.13134851138353765 0.01875 0.014010507880910683
7 0.01 0.15061295971978983 0.01875 0.014010507880910683
7 0.01 0.1681260945709282 0.01875 0.014010507880910683
7 0.01 0.9264448336252189 0.01875 0.014010507880910683
7 0.01 0.9457092819614711 0.01875 0.014010507880910683
7 0.01 0.9632224168126094 0.01875 0.014010507880910683
7 0.01 0.9422066549912435 0.01875 0.014010507880910683
7 0.00875 0.9597197898423818 0.0175 0.014010507880910683
7 0.01 0.29246935201401053 0.01875 0.014010507880910683
7 0.0025 0.45884413309982486 0.00375 0.050788091068301226
7 0.0025 0.45884413309982486 0.00375 0.050788091068301226
7 0.00875 0.1628721541155867 0.0175 0.01576182136602452
7 0.01 0.18038528896672504 0.01875 0.014010507880910683
7 0.01 0.20140105078809106 0.01875 0.01576182136602452
7 0.0025 0.36252189141856395 0.00375 0.0542907180385289
7 0.0025 0.3607705779334501 0.00375 0.05604203152364273
7 0.0025 0.36252189141856395 0.00375 0.05253940455341506
7 0.00375 0.46059544658493873 0.0075 0.0542907180385289
7 0.01625 0.46059544658493873 0.01 0.050788091068301226
7 0.0025 0.45884413309982486 0.00375 0.050788091068301226
7 0.0025 0.46059544658493873 0.00375 0.04903677758318739
7 0.12375 0.7057793345008757 0.01 0.04903677758318739
7 0.94875 0.5674255691768827 0.01125 0.04553415061295972
7 0.9625 0.5674255691768827 0.01 0.043782837127845885
7 0.96 0.4973730297723292 0.01125 0.04203152364273205
7 0.97375 0.4938704028021016 0.01125 0.04553415061295972
7 0.80625 0.3309982486865149 0.01 0.047285464098073555
7 0.82 0.3309982486865149 0.01 0.047285464098073555
7 0.83375 0.3309982486865149 0.01 0.04903677758318739
7 0.825 0.2469352014010508 0.00875 0.04903677758318739
7 0.83875 0.2469352014010508 0.01 0.04903677758318739
7 0.7825 0.012259194395796848 0.01 0.024518388791593695
7 0.79625 0.012259194395796848 0.01 0.024518388791593695
7 0.13875 0.012259194395796848 0.01 0.024518388791593695
7 0.15125 0.012259194395796848 0.00875 0.024518388791593695
7 0.49125 0.6847635726795096 0.03625 0.014010507880910683
7 0.2475 0.2469352014010508 0.00875 0.05253940455341506
7 0.26125 0.2469352014010508 0.00875 0.050788091068301226
7 0.27375 0.2469352014010508 0.00875 0.050788091068301226
7 0.24625 0.3204903677758319 0.00875 0.04903677758318739
3 0.91 0.9194395796847635 0.0425 0.0542907180385289
4 0.00625 0.7915936952714536 0.01125 0.028021015761821366
4 0.00625 0.6287215411558669 0.01125 0.02626970227670753
4 0.005 0.4290718038528897 0.00875 0.03327495621716287
4 0.00625 0.5078809106830122 0.01125 0.028021015761821366
4 0.005 0.008756567425569177 0.00875 0.01576182136602452
4 0.00625 0.0070052539404553416 0.01125 0.012259194395796848
4 0.00625 0.0070052539404553416 0.01125 0.012259194395796848
4 0.00625 0.005253940455341506 0.01125 0.010507880910683012
4 0.005 0.008756567425569177 0.00875 0.01576182136602452
4 0.005 0.008756567425569177 0.01 0.01576182136602452
4 0.00625 0.0070052539404553416 0.01125 0.012259194395796848
4 0.00625 0.0070052539404553416 0.01125 0.012259194395796848
3 0.01375 0.0840630472854641 0.02625 0.07705779334500876
2 0.06 0.0840630472854641 0.12 0.1681260945709282
3 0.01125 0.07705779334500876 0.02125 0.0595446584938704
3 0.01125 0.014010507880910683 0.02125 0.028021015761821366
3 0.01125 0.014010507880910683 0.02125 0.028021015761821366
3 0.56 0.4921190893169877 0.05125 0.07530647985989491
3 0.86125 0.021015761821366025 0.05625 0.040280210157618214
3 0.08625 0.01926444833625219 0.055 0.03677758318739054
3 0.01375 0.01926444833625219 0.02625 0.03852889667250438
3 0.01375 0.01926444833625219 0.0275 0.03852889667250438
2 0.06 0.0840630472854641 0.12 0.1681260945709282
2 0.06 0.0840630472854641 0.12 0.1681260945709282
5 0.28625 0.5761821366024519 0.02375 0.03327495621716287
6 0.21125 0.649737302977233 0.02875 0.040280210157618214
4 0.005 0.44833625218914186 0.00875 0.03327495621716287
4 0.025 0.0070052539404553416 0.02375 0.012259194395796848
5 0.005 0.0070052539404553416 0.00875 0.014010507880910683
5 0.005 0.0070052539404553416 0.00875 0.014010507880910683
4 0.02625 0.014010507880910683 0.025 0.028021015761821366
5 0.005 0.16112084063047286 0.00875 0.03152364273204904
5 0.005 0.3502626970227671 0.01 0.028021015761821366
6 0.0075 0.7548161120840631 0.01375 0.04203152364273205
6 0.0075 0.9019264448336253 0.01375 0.040280210157618214
5 0.005625 0.9938704028021016 0.01125 0.012259194395796848
5 0.00625 0.8388791593695272 0.01125 0.03502626970227671
5 0.00625 0.3957968476357268 0.01125 0.03502626970227671
5 0.00625 0.008756567425569177 0.0125 0.017513134851138354
5 0.00625 0.7320490367775832 0.0125 0.040280210157618214
7 0.00375 0.45709281961471104 0.00625 0.05253940455341506
7 0.0025 0.45884413309982486 0.005 0.05779334500875657
8 0.90375 0.050788091068301226 0.03625 0.03852889667250438
8 0.90375 0.008756567425569177 0.0375 0.017513134851138354
10 0.9125 0.008756567425569177 0.055 0.01576182136602452
5 0.00625 0.44833625218914186 0.01125 0.03852889667250438
5 0.00625 0.39404553415061294 0.0125 0.03852889667250438
5 0.00625 0.008756567425569177 0.0125 0.017513134851138354
10 0.01375 0.008756567425569177 0.0275 0.01576182136602452
10 0.00625 0.01576182136602452 0.0125 0.03152364273204904
0 0.0075 0.021015761821366025 0.015 0.040280210157618214
6 0.0075 0.010507880910683012 0.015 0.021015761821366025
1 0.9175 0.6357267950963222 0.03375 0.047285464098073555