11 0.01 0.014010507880910683 0.02 0.028021015761821366
4 0.01 0.010507880910683012 0.02 0.01926444833625219
8 0.01 0.010507880910683012 0.01875 0.01926444833625219
5 0.00625 0.008756567425569177 0.0125 0.017513134851138354
11 0.01 0.014010507880910683 0.02 0.028021015761821366
11 0.01 0.014010507880910683 0.02 0.028021015761821366
11 0.01 0.01576182136602452 0.02 0.0297723292469352
11 0.01 0.014010507880910683 0.02 0.028021015761821366
5 0.00625 0.010507880910683012 0.0125 0.01926444833625219
11 0.01 0.014010507880910683 0.02 0.028021015761821366
11 0.01 0.014010507880910683 0.02 0.028021015761821366
11 0.01 0.014010507880910683 0.02 0.028021015761821366
4 0.00625 0.0070052539404553416 0.01125 0.014010507880910683
4 0.005 0.008756567425569177 0.01 0.01576182136602452
5 0.00625 0.008756567425569177 0.01125 0.01576182136602452
11 0.01 0.014010507880910683 0.02 0.028021015761821366
4 0.00625 0.0070052539404553416 0.01125 0.014010507880910683
11 0.01 0.014010507880910683 0.01875 0.028021015761821366
11 0.01 0.014010507880910683 0.02 0.028021015761821366
11 0.01 0.014010507880910683 0.01875 0.028021015761821366
11 0.01 0.014010507880910683 0.02 0.028021015761821366
11 0.01 0.014010507880910683 0.02 0.028021015761821366
11 0.01 0.014010507880910683 0.02 0.028021015761821366
11 0.01 0.014010507880910683 0.01875 0.02626970227670753
11 0.01 0.014010507880910683 0.02 0.028021015761821366
11 0.01 0.014010507880910683 0.01875 0.028021015761821366
11 0.01 0.014010507880910683 0.02 0.028021015761821366
11 0.01 0.014010507880910683 0.02 0.028021015761821366
11 0.01 0.014010507880910683 0.02 0.028021015761821366
11 0.01 0.014010507880910683 0.02 0.028021015761821366
11 0.01 0.014010507880910683 0.02 0.028021015761821366
11 0.01 0.014010507880910683 0.02 0.028021015761821366
11 0.01 0.01576182136602452 0.02 0.0297723292469352
11 0.01 0.014010507880910683 0.02 0.028021015761821366
11 0.01 0.014010507880910683 0.02 0.028021015761821366
11 0.01 0.3555166374781086 0.02 0.06304728546409807
11 0.01 0.014010507880910683 0.02 0.028021015761821366
11 0.01 0.014010507880910683 0.02 0.028021015761821366
11 0.01 0.014010507880910683 0.02 0.028021015761821366
11 0.01 0.014010507880910683 0.02 0.028021015761821366
11 0.01 0.014010507880910683 0.02 0.028021015761821366
11 0.01 0.01576182136602452 0.02 0.0297723292469352
11 0.01 0.014010507880910683 0.02 0.028021015761821366
11 0.01125 0.017513134851138354 0.02125 0.03327495621716287
11 0.01 0.014010507880910683 0.02 0.028021015761821366
11 0.01 0.014010507880910683 0.02 0.028021015761821366
11 0.01 0.040280210157618214 0.02 0.06129597197898424
11 0.01125 0.3555166374781086 0.02125 0.06129597197898424
11 0.01 0.3555166374781086 0.02 0.06129597197898424
11 0.01 0.35376532399299476 0.02 0.06129597197898424
11 0.01 0.9772329246935202 0.02 0.04553415061295972
11 0.01 0.9772329246935202 0.02 0.043782837127845885
11 0.01 0.9772329246935202 0.02 0.043782837127845885
11 0.01 0.9772329246935202 0.02 0.04553415061295972
11 0.01 0.9772329246935202 0.02 0.043782837127845885
11 0.01 0.6690017513134852 0.02 0.05779334500875657
11 0.01 0.014010507880910683 0.02 0.028021015761821366
11 0.01 0.014010507880910683 0.01875 0.028021015761821366
11 0.01 0.014010507880910683 0.02 0.028021015761821366
11 0.01 0.014010507880910683 0.02 0.028021015761821366
11 0.01 0.014010507880910683 0.02 0.028021015761821366
11 0.01 0.014010507880910683 0.02 0.028021015761821366
11 0.01 0.014010507880910683 0.02 0.028021015761821366
11 0.01 0.014010507880910683 0.02 0.02626970227670753
11 0.01 0.014010507880910683 0.02 0.028021015761821366
11 0.01 0.014010507880910683 0.02 0.028021015761821366
11 0.01 0.014010507880910683 0.02 0.028021015761821366
11 0.01 0.014010507880910683 0.02 0.028021015761821366
11 0.01 0.014010507880910683 0.02 0.028021015761821366
11 0.01 0.014010507880910683 0.02 0.02626970227670753
11 0.01 0.014010507880910683 0.02 0.028021015761821366
11 0.01 0.014010507880910683 0.02 0.028021015761821366
11 0.01 0.014010507880910683 0.02 0.028021015761821366
11 0.01 0.014010507880910683 0.01875 0.028021015761821366
11 0.01 0.014010507880910683 0.02 0.028021015761821366
11 0.01 0.014010507880910683 0.02 0.028021015761821366
11 0.01 0.014010507880910683 0.01875 0.028021015761821366
11 0.01 0.014010507880910683 0.02 0.028021015761821366
11 0.01 0.014010507880910683 0.02 0.02626970227670753
11 0.01 0.014010507880910683 0.02 0.02626970227670753
11 0.01 0.014010507880910683 0.02 0.028021015761821366
11 0.01 0.014010507880910683 0.01875 0.02626970227670753
11 0.01 0.014010507880910683 0.01875 0.02626970227670753
11 0.01 0.014010507880910683 0.02 0.02626970227670753
11 0.01 0.014010507880910683 0.02 0.028021015761821366
11 0.01 0.014010507880910683 0.01875 0.02626970227670753
11 0.01 0.014010507880910683 0.02 0.028021015761821366
11 0.01 0.014010507880910683 0.02 0.028021015761821366
11 0.01 0.014010507880910683 0.01875 0.028021015761821366
11 0.01 0.014010507880910683 0.02 0.028021015761821366
11 0.00875 0.012259194395796848 0.0175 0.024518388791593695
11 0.00875 0.014010507880910683 0.0175 0.02626970227670753
11 0.01 0.014010507880910683 0.01875 0.02626970227670753
11 0.00875 0.014010507880910683 0.0175 0.02626970227670753
11 0.01 0.014010507880910683 0.02 0.028021015761821366
11 0.00875 0.014010507880910683 0.0175 0.02626970227670753
11 0.00875 0.014010507880910683 0.0175 0.02626970227670753
11 0.00875 0.012259194395796848 0.0175 0.024518388791593695
11 0.00875 0.012259194395796848 0.0175 0.024518388791593695
11 0.00875 0.012259194395796848 0.0175 0.024518388791593695
11 0.01 0.014010507880910683 0.02 0.028021015761821366
11 0.01 0.014010507880910683 0.02 0.028021015761821366
11 0.01 0.014010507880910683 0.02 0.028021015761821366
11 0.01 0.014010507880910683 0.02 0.028021015761821366
7 0.0025 0.014010507880910683 0.00375 0.028021015761821366
7 0.01 0.0035026269702276708 0.01875 0.005253940455341506
7 0.01 0.0035026269702276708 0.01875 0.005253940455341506
7 0.01 0.0035026269702276708 0.01875 0.005253940455341506
7 0.01 0.0035026269702276708 0.01875 0.005253940455341506
7 0.01 0.0035026269702276708 0.01875 0.005253940455341506
7 0.01 0.0035026269702276708 0.01875 0.005253940455341506
7 0.0025 0.012259194395796848 0.00375 0.024518388791593695
7 0.0025 0.014010507880910683 0.00375 0.02626970227670753
7 0.0025 0.012259194395796848 0.00375 0.024518388791593695
7 0.01 0.0035026269702276708 0.01875 0.005253940455341506
7 0.01 0.0035026269702276708 0.01875 0.005253940455341506
7 0.00875 0.0035026269702276708 0.0175 0.005253940455341506
7 0.01 0.0035026269702276708 0.01875 0.0070052539404553416
7 0.01 0.0035026269702276708 0.01875 0.005253940455341506
7 0.01 0.0035026269702276708 0.01875 0.005253940455341506
7 0.01 0.0035026269702276708 0.01875 0.005253940455341506
7 0.01 0.0035026269702276708 0.01875 0.005253940455341506
7 0.01 0.0035026269702276708 0.01875 0.005253940455341506
7 0.01 0.0035026269702276708 0.01875 0.005253940455341506
7 0.01 0.0035026269702276708 0.01875 0.005253940455341506
7 0.00875 0.0035026269702276708 0.0175 0.005253940455341506
7 0.0025 0.012259194395796848 0.00375 0.02276707530647986
7 0.0025 0.012259194395796848 0.00375 0.024518388791593695
7 0.00625 0.008756567425569177 0.01125 0.01576182136602452
7 0.01 0.0035026269702276708 0.01875 0.005253940455341506
7 0.0025 0.012259194395796848 0.00375 0.024518388791593695
7 0.0025 0.012259194395796848 0.00375 0.024518388791593695
7 0.00875 0.0035026269702276708 0.0175 0.005253940455341506
7 0.01 0.0035026269702276708 0.01875 0.005253940455341506
7 0.01 0.0035026269702276708 0.01875 0.0070052539404553416
7 0.0025 0.014010507880910683 0.00375 0.02626970227670753
7 0.0025 0.014010507880910683 0.00375 0.02626970227670753
7 0.0025 0.014010507880910683 0.00375 0.02626970227670753
7 0.0025 0.014010507880910683 0.00375 0.02626970227670753
7 0.0025 0.014010507880910683 0.00375 0.02626970227670753
7 0.0025 0.012259194395796848 0.00375 0.024518388791593695
7 0.01 0.0035026269702276708 0.02 0.0070052539404553416
7 0.0025 0.014010507880910683 0.00375 0.02626970227670753
7 0.0025 0.014010507880910683 0.00375 0.02626970227670753
7 0.0025 0.014010507880910683 0.00375 0.02626970227670753
7 0.0025 0.014010507880910683 0.00375 0.02626970227670753
7 0.0025 0.012259194395796848 0.00375 0.024518388791593695
7 0.0025 0.012259194395796848 0.00375 0.024518388791593695
7 0.0025 0.012259194395796848 0.00375 0.02276707530647986
7 0.0025 0.012259194395796848 0.00375 0.02276707530647986
7 0.0025 0.014010507880910683 0.00375 0.02626970227670753
7 0.0025 0.012259194395796848 0.00375 0.024518388791593695
7 0.0025 0.012259194395796848 0.00375 0.024518388791593695
7 0.0025 0.012259194395796848 0.00375 0.024518388791593695
7 0.0025 0.014010507880910683 0.00375 0.02626970227670753
7 0.0025 0.012259194395796848 0.00375 0.02276707530647986
7 0.0025 0.014010507880910683 0.00375 0.02626970227670753
7 0.0025 0.014010507880910683 0.00375 0.02626970227670753
7 0.0025 0.012259194395796848 0.00375 0.024518388791593695
7 0.0025 0.010507880910683012 0.00375 0.021015761821366025
7 0.0025 0.010507880910683012 0.005 0.021015761821366025
7 0.0025 0.010507880910683012 0.00375 0.021015761821366025
7 0.0025 0.010507880910683012 0.005 0.021015761821366025
7 0.0025 0.010507880910683012 0.005 0.021015761821366025
7 0.0025 0.012259194395796848 0.00375 0.02276707530647986
7 0.0025 0.012259194395796848 0.00375 0.02276707530647986
7 0.0025 0.012259194395796848 0.00375 0.02276707530647986
7 0.0025 0.012259194395796848 0.00375 0.02276707530647986
7 0.0025 0.012259194395796848 0.00375 0.02276707530647986
7 0.0025 0.012259194395796848 0.00375 0.024518388791593695
7 0.0025 0.012259194395796848 0.00375 0.024518388791593695
7 0.0025 0.012259194395796848 0.00375 0.024518388791593695
7 0.0025 0.012259194395796848 0.00375 0.024518388791593695
7 0.0025 0.014010507880910683 0.00375 0.02626970227670753
7 0.0025 0.012259194395796848 0.00375 0.024518388791593695
7 0.0025 0.012259194395796848 0.00375 0.024518388791593695
7 0.0025 0.012259194395796848 0.00375 0.024518388791593695
7 0.0025 0.012259194395796848 0.00375 0.024518388791593695
7 0.0025 0.012259194395796848 0.00375 0.02276707530647986
7 0.0025 0.012259194395796848 0.00375 0.024518388791593695
7 0.0025 0.012259194395796848 0.00375 0.024518388791593695
7 0.0025 0.012259194395796848 0.00375 0.024518388791593695
7 0.00875 0.0035026269702276708 0.0175 0.005253940455341506
7 0.0025 0.012259194395796848 0.00375 0.024518388791593695
7 0.0025 0.012259194395796848 0.00375 0.024518388791593695
7 0.0025 0.012259194395796848 0.00375 0.024518388791593695
7 0.0025 0.012259194395796848 0.00375 0.02276707530647986
6 0.0075 0.010507880910683012 0.015 0.021015761821366025
1 0.00875 0.012259194395796848 0.01625 0.02276707530647986
2 0.03625 0.050788091068301226 0.07125 0.09982486865148861
3 0.00875 0.012259194395796848 0.01625 0.024518388791593695
9 0.00875 0.014010507880910683 0.0175 0.02626970227670753
10 0.01375 0.010507880910683012 0.0275 0.021015761821366025
0 0.01625 0.010507880910683012 0.03125 0.021015761821366025
3 0.01 0.014010507880910683 0.02 0.02626970227670753
3 0.01 0.021015761821366025 0.02 0.040280210157618214
3 0.01125 0.2434325744308231 0.0225 0.06304728546409807
3 0.01125 0.4763572679509632 0.0225 0.06304728546409807
3 0.01125 0.3555166374781086 0.02125 0.06304728546409807
3 0.01125 0.01576182136602452 0.02125 0.0297723292469352
3 0.01 0.8178633975481612 0.02 0.06129597197898424
4 0.005 0.008756567425569177 0.01 0.01576182136602452
4 0.00625 0.0070052539404553416 0.01125 0.012259194395796848
4 0.00625 0.0070052539404553416 0.01125 0.012259194395796848
4 0.005 0.008756567425569177 0.00875 0.01576182136602452
4 0.00625 0.005253940455341506 0.01125 0.010507880910683012
4 0.005 0.008756567425569177 0.00875 0.01576182136602452
4 0.005 0.008756567425569177 0.00875 0.01576182136602452
7 0.00375 0.014010507880910683 0.00625 0.02626970227670753
7 0.0025 0.014010507880910683 0.005 0.02626970227670753
7 0.0025 0.014010507880910683 0.005 0.02626970227670753
7 0.0025 0.014010507880910683 0.00375 0.02626970227670753
7 0.0025 0.012259194395796848 0.00375 0.024518388791593695
7 0.0025 0.014010507880910683 0.00375 0.02626970227670753
4 0.00625 0.0070052539404553416 0.01125 0.012259194395796848
5 0.00625 0.008756567425569177 0.01125 0.01576182136602452
4 0.00625 0.0070052539404553416 0.01125 0.012259194395796848
4 0.00625 0.0070052539404553416 0.01125 0.012259194395796848
4 0.005 0.008756567425569177 0.00875 0.01576182136602452
4 0.00625 0.0070052539404553416 0.01125 0.012259194395796848
4 0.005 0.008756567425569177 0.00875 0.01576182136602452
4 0.00625 0.0070052539404553416 0.01125 0.012259194395796848
4 0.00625 0.0070052539404553416 0.01125 0.012259194395796848
4 0.005 0.008756567425569177 0.00875 0.01576182136602452
4 0.005 0.008756567425569177 0.00875 0.01576182136602452
4 0.00625 0.0070052539404553416 0.01125 0.012259194395796848
4 0.00625 0.0070052539404553416 0.01125 0.012259194395796848
4 0.00625 0.0070052539404553416 0.01125 0.012259194395796848
4 0.00625 0.0070052539404553416 0.01125 0.012259194395796848
4 0.005 0.008756567425569177 0.00875 0.01576182136602452
4 0.005 0.008756567425569177 0.00875 0.01576182136602452
1 0.0075 0.010507880910683012 0.015 0.021015761821366025
4 0.005 0.008756567425569177 0.00875 0.01576182136602452
4 0.00625 0.0070052539404553416 0.01125 0.012259194395796848
4 0.00625 0.0070052539404553416 0.01125 0.012259194395796848
4 0.00625 0.005253940455341506 0.01125 0.010507880910683012
4 0.005 0.008756567425569177 0.00875 0.01576182136602452
4 0.00625 0.0070052539404553416 0.01125 0.014010507880910683
4 0.005 0.008756567425569177 0.00875 0.01576182136602452
4 0.00625 0.0070052539404553416 0.01125 0.012259194395796848
4 0.00625 0.0070052539404553416 0.01125 0.012259194395796848
4 0.00625 0.005253940455341506 0.01125 0.010507880910683012
4 0.005 0.008756567425569177 0.00875 0.01576182136602452
4 0.005 0.008756567425569177 0.01 0.01576182136602452
4 0.00625 0.0070052539404553416 0.01125 0.012259194395796848
4 0.00625 0.0070052539404553416 0.01125 0.012259194395796848
1 0.0075 0.010507880910683012 0.015 0.021015761821366025
3 0.01375 0.01926444833625219 0.0275 0.03677758318739054
3 0.01375 0.01926444833625219 0.0275 0.03852889667250438
3 0.01375 0.01926444833625219 0.0275 0.03852889667250438
3 0.01375 0.01926444833625219 0.0275 0.03852889667250438
3 0.01375 0.01926444833625219 0.02625 0.03852889667250438
3 0.01375 0.01926444833625219 0.02625 0.03852889667250438
3 0.01375 0.01926444833625219 0.02625 0.03852889667250438
2 0.06 0.0840630472854641 0.12 0.1681260945709282
3 0.01125 0.014010507880910683 0.02125 0.028021015761821366
3 0.01125 0.014010507880910683 0.02125 0.028021015761821366
3 0.01125 0.014010507880910683 0.02125 0.028021015761821366
2 0.06125 0.3607705779334501 0.12125 0.3467600700525394
2 0.06125 0.0840630472854641 0.1225 0.1681260945709282
2 0.06 0.0840630472854641 0.11875 0.1681260945709282
3 0.0125 0.01926444833625219 0.02375 0.03677758318739054
3 0.0125 0.01926444833625219 0.025 0.03677758318739054
3 0.01375 0.021015761821366025 0.0275 0.040280210157618214
3 0.01375 0.01926444833625219 0.0275 0.03677758318739054
3 0.01375 0.01926444833625219 0.02625 0.03852889667250438
3 0.01375 0.01926444833625219 0.0275 0.03852889667250438
2 0.06 0.0840630472854641 0.12 0.1681260945709282
2 0.06 0.0840630472854641 0.12 0.1681260945709282
3 0.01375 0.01926444833625219 0.02625 0.03852889667250438
4 0.00625 0.0070052539404553416 0.01125 0.012259194395796848
4 0.005 0.008756567425569177 0.00875 0.01576182136602452
5 0.00625 0.008756567425569177 0.01125 0.01576182136602452
5 0.00625 0.008756567425569177 0.01125 0.01576182136602452
5 0.00625 0.008756567425569177 0.01125 0.01576182136602452
5 0.00625 0.0070052539404553416 0.01125 0.014010507880910683
5 0.00625 0.0070052539404553416 0.01125 0.014010507880910683
5 0.00625 0.008756567425569177 0.01125 0.01576182136602452
5 0.00625 0.008756567425569177 0.01125 0.01576182136602452
5 0.00625 0.008756567425569177 0.01125 0.01576182136602452
5 0.005 0.0070052539404553416 0.01 0.014010507880910683
6 0.00625 0.010507880910683012 0.0125 0.01926444833625219
6 0.00625 0.010507880910683012 0.0125 0.01926444833625219
5 0.00625 0.008756567425569177 0.01125 0.01576182136602452
5 0.00625 0.008756567425569177 0.01125 0.01576182136602452
5 0.0075 0.010507880910683012 0.015 0.021015761821366025
6 0.0075 0.010507880910683012 0.01375 0.01926444833625219
5 0.00625 0.008756567425569177 0.01125 0.01576182136602452
5 0.00625 0.008756567425569177 0.01125 0.01576182136602452
6 0.0075 0.010507880910683012 0.01375 0.01926444833625219
4 0.005 0.008756567425569177 0.00875 0.01576182136602452
4 0.00625 0.0070052539404553416 0.01125 0.012259194395796848
5 0.005 0.0070052539404553416 0.00875 0.014010507880910683
5 0.005 0.0070052539404553416 0.00875 0.014010507880910683
4 0.00625 0.0070052539404553416 0.01125 0.012259194395796848
5 0.005 0.008756567425569177 0.00875 0.01576182136602452
5 0.005 0.0070052539404553416 0.01 0.014010507880910683
5 0.00625 0.36777583187390545 0.01125 0.03677758318739054
6 0.0075 0.010507880910683012 0.01375 0.021015761821366025
6 0.0075 0.010507880910683012 0.01375 0.01926444833625219
5 0.00625 0.008756567425569177 0.01125 0.01576182136602452
5 0.00625 0.008756567425569177 0.01125 0.01576182136602452
5 0.00625 0.008756567425569177 0.01125 0.017513134851138354
5 0.00625 0.010507880910683012 0.0125 0.01926444833625219
5 0.00625 0.008756567425569177 0.01125 0.01576182136602452
5 0.00625 0.008756567425569177 0.01125 0.01576182136602452
5 0.00625 0.008756567425569177 0.0125 0.017513134851138354
5 0.0075 0.010507880910683012 0.01375 0.021015761821366025
5 0.00625 0.010507880910683012 0.0125 0.01926444833625219
5 0.0075 0.008756567425569177 0.01375 0.017513134851138354
7 0.00375 0.012259194395796848 0.00625 0.024518388791593695
7 0.0025 0.014010507880910683 0.005 0.028021015761821366
8 0.00875 0.008756567425569177 0.0175 0.017513134851138354
8 0.00875 0.008756567425569177 0.0175 0.017513134851138354
10 0.01375 0.008756567425569177 0.0275 0.01576182136602452
10 0.00625 0.01926444833625219 0.0125 0.03677758318739054
10 0.01375 0.010507880910683012 0.0275 0.021015761821366025
10 0.015 0.008756567425569177 0.03 0.017513134851138354
10 0.01375 0.008756567425569177 0.0275 0.017513134851138354
10 0.00625 0.01926444833625219 0.0125 0.03677758318739054
3 0.01125 0.014010507880910683 0.02125 0.028021015761821366
7 0.00375 0.0035026269702276708 0.0075 0.0070052539404553416
7 0.0075 0.0035026269702276708 0.01375 0.0070052539404553416
7 0.0075 0.0035026269702276708 0.015 0.0070052539404553416
7 0.00625 0.005253940455341506 0.0125 0.008756567425569177
7 0.00625 0.0035026269702276708 0.01125 0.0070052539404553416
7 0.0075 0.0035026269702276708 0.015 0.005253940455341506
5 0.00625 0.008756567425569177 0.01125 0.017513134851138354
5 0.00625 0.008756567425569177 0.0125 0.017513134851138354
5 0.00625 0.008756567425569177 0.0125 0.017513134851138354
10 0.01375 0.008756567425569177 0.0275 0.01576182136602452
5 0.00625 0.008756567425569177 0.01125 0.01576182136602452
0 0.0075 0.02276707530647986 0.015 0.043782837127845885
0 0.0075 0.01926444833625219 0.01375 0.03852889667250438
10 0.00625 0.01576182136602452 0.0125 0.03152364273204904
0 0.0075 0.021015761821366025 0.015 0.040280210157618214
6 0.0075 0.010507880910683012 0.015 0.021015761821366025
5 0.00625 0.008756567425569177 0.0125 0.017513134851138354
1 0.0075 0.010507880910683012 0.015 0.021015761821366025
0 0.0075 0.021015761821366025 0.015 0.04203152364273205
1 0.0075 0.012259194395796848 0.015 0.02276707530647986
1 0.00875 0.010507880910683012 0.01625 0.021015761821366025
0 0.0075 0.24518388791593695 0.015 0.08756567425569177