11 0.71375 0.014010507880910683 0.03875 0.028021015761821366
11 0.4475 0.014010507880910683 0.04 0.028021015761821366
11 0.44875 0.014010507880910683 0.04 0.028021015761821366
11 0.98375 0.014010507880910683 0.0325 0.028021015761821366
11 0.98375 0.014010507880910683 0.0325 0.028021015761821366
11 0.44875 0.014010507880910683 0.04 0.02626970227670753
11 0.25125 0.014010507880910683 0.04 0.02626970227670753
11 0.30625 0.014010507880910683 0.04 0.028021015761821366
11 0.6225 0.014010507880910683 0.03875 0.02626970227670753
11 0.8575 0.014010507880910683 0.03875 0.02626970227670753
11 0.30625 0.014010507880910683 0.04 0.02626970227670753
11 0.6225 0.014010507880910683 0.04125 0.028021015761821366
11 0.8575 0.014010507880910683 0.04 0.02626970227670753
11 0.565 0.014010507880910683 0.04 0.028021015761821366
11 0.3675 0.014010507880910683 0.04 0.028021015761821366
11 0.85625 0.014010507880910683 0.03875 0.028021015761821366
11 0.4275 0.014010507880910683 0.04 0.028021015761821366
11 0.28125 0.021015761821366025 0.0375 0.040280210157618214
11 0.71625 0.2031523642732049 0.0375 0.05253940455341506
11 0.7625 0.39404553415061294 0.03875 0.0542907180385289
11 0.49375 0.5201401050788091 0.03625 0.05253940455341506
11 0.61875 0.7478108581436077 0.03625 0.05253940455341506
11 0.00875 0.5148861646234676 0.0175 0.0542907180385289
11 0.1425 0.012259194395796848 0.035 0.024518388791593695
11 0.13 0.012259194395796848 0.03625 0.024518388791593695
11 0.00875 0.012259194395796848 0.0175 0.024518388791593695
7 0.7825 0.0035026269702276708 0.0375 0.005253940455341506
7 0.7825 0.0035026269702276708 0.0375 0.005253940455341506
7 0.78375 0.0035026269702276708 0.03875 0.0070052539404553416
7 0.72875 0.0035026269702276708 0.0375 0.005253940455341506
7 0.72875 0.0035026269702276708 0.0375 0.005253940455341506
7 0.72875 0.0035026269702276708 0.0375 0.005253940455341506
7 0.72875 0.0035026269702276708 0.0375 0.005253940455341506
7 0.72875 0.0035026269702276708 0.03875 0.005253940455341506
7 0.72875 0.0035026269702276708 0.0375 0.005253940455341506
7 0.7825 0.0035026269702276708 0.0375 0.005253940455341506
7 0.78375 0.0035026269702276708 0.03625 0.005253940455341506
7 0.62625 0.012259194395796848 0.01 0.02276707530647986
7 0.83625 0.266199649737303 0.01 0.050788091068301226
7 0.48875 0.7495621716287215 0.02375 0.03502626970227671
7 0.93375 0.0035026269702276708 0.04 0.005253940455341506
7 0.98375 0.0035026269702276708 0.03125 0.005253940455341506
7 0.98375 0.0035026269702276708 0.03125 0.005253940455341506
7 0.98375 0.0035026269702276708 0.03125 0.0070052539404553416
7 0.46744040124999997 0.7960282609457092 0.465843955 0.7923004238178635 0.46568190125000003 0.7925587302977233 0.46611002999999995 0.7932323835376532 0.46744040124999997 0.7960282609457092
7 0.4403008175 0.8046022854640981 0.44748482625 0.821563942206655 0.46568190125000003 0.7925587302977233 0.45746261375 0.7796257793345008 0.4403008175 0.8046022854640981
7 0.46837166125 0.7947235183887916 0.44509015625000004 0.8277148721541157 0.452673275 0.8370344640980736 0.47555566875 0.8059070280210158 0.46837166125 0.7947235183887916
7 0.6123809525 0.5554832784588442 0.63933333375 0.5939121015761821 0.6486666662499999 0.5803018931698773 0.6196190475000001 0.5468101068301225 0.6123809525 0.5554832784588442
7 0.63780952375 0.5964473362521892 0.6105714287499999 0.5586856812609458 0.6031428575000001 0.572295887915937 0.63152381 0.6048536409807355 0.63780952375 0.5964473362521892
4 0.93125 0.39404553415061294 0.02375 0.02626970227670753
4 0.64625 0.008756567425569177 0.02 0.01576182136602452
4 0.1925 0.0070052539404553416 0.02375 0.012259194395796848
4 0.73625 0.0070052539404553416 0.02625 0.012259194395796848
4 0.775 0.005253940455341506 0.02375 0.010507880910683012
4 0.52 0.008756567425569177 0.02 0.01576182136602452
4 0.1925 0.0070052539404553416 0.02375 0.014010507880910683
4 0.5075 0.008756567425569177 0.02 0.01576182136602452
4 0.1925 0.0070052539404553416 0.02375 0.012259194395796848
4 0.1925 0.0070052539404553416 0.02375 0.012259194395796848
4 0.1925 0.005253940455341506 0.02375 0.010507880910683012
4 0.47875 0.008756567425569177 0.02 0.01576182136602452
4 0.915 0.008756567425569177 0.02125 0.01576182136602452
3 0.6040588474999999 1 0.61215352625 0.9879102959719789 0.5715672412499999 0.9323163415061295 0.529597375 0.9911424816112084 0.5355752325 1 0.6040588474999999 1
3 0.60625 0.01926444833625219 0.055 0.03852889667250438
2 0.7175 0.0840630472854641 0.24 0.1681260945709282
3 0.99375 0.014010507880910683 0.01125 0.028021015761821366
4 0.94125 0.0070052539404553416 0.02375 0.012259194395796848
4 0.3925 0.008756567425569177 0.02 0.01576182136602452
5 0.97875 0.6024518388791593 0.02375 0.03152364273204904
5 0.97875 0.38178633975481613 0.02375 0.03502626970227671
5 0.32301423 0.5830290192644483 0.30483041624999996 0.5591622854640981 0.28928413375 0.5835106094570928 0.30535063 0.6072056917688267 0.32301423 0.5830290192644483
5 0.3133739725 0.4009045096322241 0.295025505 0.3753683029772329 0.2797990175 0.39887467775831875 0.29652504125 0.42403245359019265 0.3133739725 0.4009045096322241
5 0 0 0 0.009041861646234677 0.007794441250000001 0.020540896672504378 0.0231358175 0 0 0
5 0.5327388725 0.9440088353765324 0.51512886375 0.9205922031523642 0.49819487125 0.9455280788091068 0.5153557775000001 0.9681788861646236 0.5327388725 0.9440088353765324
4 0.38176843875000005 0.4475983590192645 0.39958695375 0.46931053415061297 0.40828913749999995 0.45779137653239926 0.41462292875 0.4495904588441331 0.3959926975 0.4262637443082312 0.38176843875000005 0.4475983590192645
7 0.48639033 0.19299540805604204 0.51441533375 0.23441386865148864 0.5223384675 0.2223455534150613 0.49559615749999997 0.18221752714535902 0.48639033 0.19299540805604204
7 0.49619524249999997 0.181626707530648 0.5217362875 0.2205033047285464 0.53255040375 0.20784229071803853 0.50869125375 0.17019555866900174 0.49619524249999997 0.181626707530648
7 0.6510452250000001 0.07078188441330997 0.67807493125 0.11043729947460595 0.68888543625 0.0939688949211909 0.66083292625 0.05386399824868652 0.6510452250000001 0.07078188441330997
6 0.685 0.010507880910683012 0.03 0.021015761821366025
6 0.89375 0.010507880910683012 0.02875 0.01926444833625219
5 0.98 0.008756567425569177 0.02375 0.01576182136602452
5 0.98 0.008756567425569177 0.02375 0.01576182136602452
5 0.98 0.008756567425569177 0.02625 0.017513134851138354
5 0.9775 0.14010507880910683 0.02625 0.040280210157618214
5 0.94125 0.008756567425569177 0.0275 0.017513134851138354
10 0.885 0.6287215411558669 0.0575 0.04553415061295972
10 0.9125 0.7478108581436077 0.06 0.03852889667250438
10 0.1425 0.01576182136602452 0.02625 0.03152364273204904
0 0.14125 0.021015761821366025 0.03125 0.040280210157618214
6 0.63375 0.010507880910683012 0.03 0.021015761821366025
5 0.47625 0.008756567425569177 0.0275 0.017513134851138354
1 0.71125 0.010507880910683012 0.0325 0.021015761821366025
0 0.98125 0.021015761821366025 0.03125 0.04203152364273205