4 0.8125 0.6042031523642732 0.04125 0.040280210157618214
8 0.81375 0.6690017513134852 0.03875 0.03852889667250438
5 0.81375 0.7373029772329247 0.0275 0.03852889667250438
11 0.01 0.8861646234676007 0.02 0.0595446584938704
11 0.01 0.6619964973730298 0.02 0.05779334500875657
11 0.01 0.4938704028021016 0.02 0.06129597197898424
11 0.01 0.4938704028021016 0.02 0.06129597197898424
11 0.01 0.8651488616462347 0.02 0.05779334500875657
11 0.01 0.5971978984238179 0.02 0.0595446584938704
11 0.01 0.5866900175131349 0.02 0.0595446584938704
11 0.01 0.5849387040280211 0.02 0.05604203152364273
11 0.01 0.5866900175131349 0.02 0.05604203152364273
11 0.01 0.5971978984238179 0.02 0.0542907180385289
11 0.01 0.014010507880910683 0.02 0.028021015761821366
11 0.01 0.23467600700525393 0.02 0.05779334500875657
11 0.01 0.23642732049036777 0.01875 0.05779334500875657
11 0.01 0.014010507880910683 0.02 0.028021015761821366
11 0.01 0.7250437828371279 0.02 0.0542907180385289
7 0.01 0.29071803852889666 0.01875 0.014010507880910683
7 0.01 0.30998248686514884 0.01875 0.01576182136602452
7 0.01 0.637478108581436 0.01875 0.014010507880910683
7 0.01 0.6549912434325744 0.01875 0.014010507880910683
7 0.01 0.6742556917688266 0.01875 0.014010507880910683
7 0.01 0.6935201401050788 0.01875 0.014010507880910683
7 0.0025 0.31523642732049034 0.00375 0.04903677758318739
7 0.0025 0.31523642732049034 0.00375 0.04903677758318739
7 0.0025 0.3169877408056042 0.00375 0.05253940455341506
7 0.0025 0.31523642732049034 0.00375 0.050788091068301226
10 0.82125 0.8073555166374781 0.05625 0.04203152364273205
0 0.82125 0.9054290718038529 0.0625 0.04203152364273205
4 0.004375 0.98861646234676 0.00875 0.02276707530647986
4 0.00625 0.7338003502626971 0.01125 0.028021015761821366
4 0.00625 0.1646234676007005 0.01125 0.028021015761821366
4 0.00625 0.005253940455341506 0.01125 0.010507880910683012
4 0.005 0.008756567425569177 0.00875 0.01576182136602452
4 0.005 0.008756567425569177 0.01 0.01576182136602452
4 0.00625 0.0070052539404553416 0.01125 0.012259194395796848
4 0.00625 0.3432574430823117 0.01125 0.028021015761821366
2 0.06 0.2329246935201401 0.12 0.3362521891418564
3 0.01125 0.7338003502626971 0.02125 0.0595446584938704
3 0.01125 0.7320490367775832 0.02125 0.05604203152364273
3 0.01375 0.1190893169877408 0.0275 0.0840630472854641
3 0.01375 0.11558669001751314 0.0275 0.07705779334500876
3 0.01375 0.28371278458844135 0.02625 0.07705779334500876
3 0.01375 0.01926444833625219 0.0275 0.03852889667250438
2 0.06 0.8590192644483362 0.12 0.2819614711033275
2 0.06 0.8590192644483362 0.12 0.2819614711033275
4 0.00625 0.4553415061295972 0.01125 0.028021015761821366
5 0.005 0.4553415061295972 0.00875 0.0297723292469352
5 0.005 0.7478108581436077 0.00875 0.0297723292469352
5 0.00625 0.7635726795096323 0.0125 0.03852889667250438
8 0.00875 0.4973730297723292 0.0175 0.03852889667250438
10 0.01375 0.138353765323993 0.0275 0.03502626970227671
5 0.00625 0.723292469352014 0.0125 0.03852889667250438
10 0.01375 0.4098073555166375 0.0275 0.03502626970227671
10 0.00625 0.1330998248686515 0.0125 0.06654991243432574
0 0.0075 0.021015761821366025 0.015 0.040280210157618214
6 0.0075 0.9001751313485113 0.015 0.04203152364273205