11 0.79125 0.19614711033274956 0.04 0.05604203152364273
11 0.46625 0.20665499124343256 0.04 0.05604203152364273
11 0.3 0.22416812609457093 0.04 0.05604203152364273
11 0.19875 0.07355516637478109 0.04 0.0542907180385289
11 0.3 0.014010507880910683 0.04 0.028021015761821366
11 0.46625 0.014010507880910683 0.04 0.028021015761821366
11 0.79125 0.014010507880910683 0.04125 0.028021015761821366
11 0.01 0.014010507880910683 0.02 0.028021015761821366
11 0.01 0.014010507880910683 0.02 0.028021015761821366
11 0.01 0.014010507880910683 0.01875 0.028021015761821366
11 0.01 0.014010507880910683 0.02 0.028021015761821366
11 0.01 0.014010507880910683 0.02 0.02626970227670753
11 0.01 0.2171628721541156 0.02 0.05253940455341506
11 0.01 0.5884413309982487 0.02 0.05604203152364273
11 0.01 0.5901926444833625 0.01875 0.05604203152364273
11 0.01 0.5814360770577933 0.01875 0.05604203152364273
7 0.23375 0.0035026269702276708 0.03875 0.005253940455341506
7 0.23375 0.0035026269702276708 0.03875 0.005253940455341506
7 0.23375 0.0035026269702276708 0.04 0.005253940455341506
7 0.23375 0.0035026269702276708 0.0375 0.005253940455341506
7 0.23375 0.0035026269702276708 0.0375 0.005253940455341506
7 0.23375 0.0035026269702276708 0.0375 0.005253940455341506
7 0.34375 0.46059544658493873 0.01 0.05253940455341506
7 0.35625 0.46059544658493873 0.00875 0.05253940455341506
7 0.37 0.46059544658493873 0.00875 0.05253940455341506
7 0.01 0.04203152364273205 0.01875 0.012259194395796848
7 0.00875 0.0595446584938704 0.0175 0.014010507880910683
7 0.01 0.07880910683012259 0.01875 0.01576182136602452
7 0.01 0.13134851138353765 0.01875 0.014010507880910683
7 0.01 0.15061295971978983 0.01875 0.014010507880910683
7 0.01 0.1681260945709282 0.01875 0.014010507880910683
7 0.01 0.9264448336252189 0.01875 0.014010507880910683
7 0.01 0.9457092819614711 0.01875 0.014010507880910683
7 0.01 0.9632224168126094 0.01875 0.014010507880910683
7 0.01 0.9422066549912435 0.01875 0.014010507880910683
7 0.00875 0.9597197898423818 0.0175 0.014010507880910683
7 0.01 0.29246935201401053 0.01875 0.014010507880910683
7 0.10125 0.46059544658493873 0.00875 0.050788091068301226
7 0.115 0.46059544658493873 0.00875 0.050788091068301226
7 0.00875 0.1628721541155867 0.0175 0.01576182136602452
7 0.01 0.18038528896672504 0.01875 0.014010507880910683
7 0.01 0.20140105078809106 0.01875 0.01576182136602452
4 0.00625 0.7915936952714536 0.01125 0.028021015761821366
4 0.00625 0.6287215411558669 0.01125 0.02626970227670753
4 0.005 0.4290718038528897 0.00875 0.03327495621716287
4 0.00625 0.5078809106830122 0.01125 0.028021015761821366
4 0.005 0.008756567425569177 0.00875 0.01576182136602452
4 0.00625 0.0070052539404553416 0.01125 0.012259194395796848
4 0.00625 0.0070052539404553416 0.01125 0.012259194395796848
4 0.00625 0.005253940455341506 0.01125 0.010507880910683012
4 0.005 0.008756567425569177 0.00875 0.01576182136602452
4 0.005 0.008756567425569177 0.01 0.01576182136602452
4 0.2425 0.0070052539404553416 0.02375 0.012259194395796848
4 0.2425 0.0070052539404553416 0.02375 0.012259194395796848
3 0.01375 0.0840630472854641 0.02625 0.07705779334500876
2 0.06 0.0840630472854641 0.12 0.1681260945709282
3 0.06 0.07705779334500876 0.045 0.0595446584938704
3 0.18625 0.014010507880910683 0.045 0.028021015761821366
3 0.01625 0.014010507880910683 0.0325 0.028021015761821366
3 0.3825 0.01926444833625219 0.055 0.03852889667250438
3 0.3775 0.01926444833625219 0.05625 0.03852889667250438
2 0.79125 0.0840630472854641 0.24 0.1681260945709282
6 0.0075 0.7548161120840631 0.01375 0.04203152364273205
6 0.0075 0.9019264448336253 0.01375 0.040280210157618214
5 0.005625 0.9938704028021016 0.01125 0.012259194395796848
5 0.00625 0.8388791593695272 0.01125 0.03502626970227671
5 0.01875 0.3957968476357268 0.025 0.03502626970227671
5 0.00625 0.008756567425569177 0.0125 0.017513134851138354
5 0.41875 0.7320490367775832 0.02625 0.040280210157618214
7 0.5475 0.45884413309982486 0.01375 0.05253940455341506
7 0.56125 0.45884413309982486 0.0125 0.05604203152364273
5 0.2 0.4500875656742557 0.02625 0.03852889667250438
5 0.2175 0.39404553415061294 0.0275 0.03852889667250438
5 0.2425 0.008756567425569177 0.0275 0.017513134851138354
10 0.3425 0.008756567425569177 0.05625 0.01576182136602452
10 0.00625 0.01576182136602452 0.0125 0.03152364273204904
0 0.0075 0.021015761821366025 0.015 0.040280210157618214
6 0.0075 0.010507880910683012 0.015 0.021015761821366025