11 0.54125 0.5884413309982487 0.04125 0.05604203152364273
11 0.54125 0.19614711033274956 0.0425 0.05604203152364273
11 0.25625 0.5884413309982487 0.04 0.05779334500875657
11 0.255 0.19439579684763572 0.04 0.05604203152364273
11 0.7925 0.14185639229422067 0.04125 0.05604203152364273
11 0.01 0.6077057793345009 0.02 0.05779334500875657
11 0.4425 0.014010507880910683 0.04 0.028021015761821366
11 0.7675 0.014010507880910683 0.04 0.028021015761821366
11 0.11625 0.014010507880910683 0.04 0.028021015761821366
11 0.01 0.014010507880910683 0.02 0.028021015761821366
11 0.01 0.014010507880910683 0.02 0.028021015761821366
11 0.01 0.014010507880910683 0.02 0.028021015761821366
11 0.01 0.014010507880910683 0.02 0.02626970227670753
11 0.01 0.014010507880910683 0.02 0.028021015761821366
11 0.01 0.014010507880910683 0.02 0.028021015761821366
11 0.01 0.014010507880910683 0.02 0.028021015761821366
11 0.1175 0.014010507880910683 0.04 0.028021015761821366
11 0.44375 0.014010507880910683 0.04 0.028021015761821366
11 0.76875 0.014010507880910683 0.04 0.02626970227670753
11 0.01 0.48336252189141854 0.02 0.0595446584938704
11 0.01 0.4798598949211909 0.02 0.05604203152364273
11 0.01 0.15761821366024517 0.02 0.05604203152364273
11 0.01 0.014010507880910683 0.01875 0.028021015761821366
11 0.01 0.014010507880910683 0.02 0.028021015761821366
11 0.01 0.014010507880910683 0.02 0.028021015761821366
11 0.01 0.014010507880910683 0.01875 0.028021015761821366
11 0.01 0.014010507880910683 0.02 0.028021015761821366
11 0.01 0.014010507880910683 0.02 0.02626970227670753
11 0.01 0.014010507880910683 0.02 0.02626970227670753
11 0.01 0.014010507880910683 0.02 0.028021015761821366
11 0.01 0.014010507880910683 0.01875 0.02626970227670753
11 0.01 0.014010507880910683 0.01875 0.02626970227670753
11 0.01 0.014010507880910683 0.02 0.02626970227670753
11 0.01 0.014010507880910683 0.02 0.028021015761821366
11 0.01 0.014010507880910683 0.01875 0.02626970227670753
11 0.01 0.014010507880910683 0.02 0.028021015761821366
11 0.01 0.014010507880910683 0.02 0.028021015761821366
11 0.01 0.014010507880910683 0.01875 0.028021015761821366
11 0.01 0.014010507880910683 0.02 0.028021015761821366
11 0.00875 0.021015761821366025 0.0175 0.040280210157618214
11 0.00875 0.2031523642732049 0.0175 0.05253940455341506
11 0.01 0.39404553415061294 0.01875 0.05604203152364273
11 0.00875 0.5183887915936952 0.0175 0.05253940455341506
11 0.01 0.670753064798599 0.02 0.05604203152364273
11 0.00875 0.7460595446584939 0.0175 0.05253940455341506
11 0.00875 0.5148861646234676 0.0175 0.0542907180385289
11 0.00875 0.012259194395796848 0.0175 0.024518388791593695
11 0.00875 0.012259194395796848 0.0175 0.024518388791593695
11 0.00875 0.012259194395796848 0.0175 0.024518388791593695
7 0.01 0.0035026269702276708 0.01875 0.005253940455341506
7 0.01 0.0035026269702276708 0.01875 0.005253940455341506
7 0.01 0.0035026269702276708 0.01875 0.005253940455341506
7 0.01 0.0035026269702276708 0.01875 0.005253940455341506
7 0.01 0.0035026269702276708 0.01875 0.005253940455341506
7 0.01 0.0035026269702276708 0.01875 0.005253940455341506
7 0.0025 0.012259194395796848 0.00375 0.024518388791593695
7 0.0025 0.014010507880910683 0.00375 0.02626970227670753
7 0.0025 0.012259194395796848 0.00375 0.024518388791593695
7 0.01 0.0035026269702276708 0.01875 0.005253940455341506
7 0.01 0.0035026269702276708 0.01875 0.005253940455341506
7 0.00875 0.0035026269702276708 0.0175 0.005253940455341506
7 0.01 0.0035026269702276708 0.01875 0.0070052539404553416
7 0.01 0.0035026269702276708 0.01875 0.005253940455341506
7 0.01 0.0035026269702276708 0.01875 0.005253940455341506
7 0.01 0.0035026269702276708 0.01875 0.005253940455341506
7 0.01 0.0035026269702276708 0.01875 0.005253940455341506
7 0.01 0.0035026269702276708 0.01875 0.005253940455341506
7 0.01 0.0035026269702276708 0.01875 0.005253940455341506
7 0.01 0.0035026269702276708 0.01875 0.005253940455341506
7 0.00875 0.0035026269702276708 0.0175 0.005253940455341506
7 0.0025 0.012259194395796848 0.00375 0.02276707530647986
7 0.0025 0.26444833625218916 0.00375 0.050788091068301226
7 0.00625 0.7495621716287215 0.01125 0.03502626970227671
7 0.01 0.0035026269702276708 0.01875 0.005253940455341506
7 0.0025 0.012259194395796848 0.00375 0.024518388791593695
7 0.0025 0.012259194395796848 0.00375 0.024518388791593695
7 0.00875 0.0035026269702276708 0.0175 0.005253940455341506
7 0.01 0.0035026269702276708 0.01875 0.005253940455341506
7 0.01 0.0035026269702276708 0.01875 0.0070052539404553416
7 0.0025 0.014010507880910683 0.00375 0.02626970227670753
7 0.0025 0.014010507880910683 0.00375 0.02626970227670753
7 0.0025 0.06830122591943957 0.00375 0.05604203152364273
7 0.0025 0.06830122591943957 0.00375 0.05604203152364273
7 0.0025 0.7145359019264448 0.00375 0.05253940455341506
7 0.0025 0.7145359019264448 0.00375 0.05253940455341506
7 0.01 0.6112084063047285 0.02 0.01576182136602452
7 0.8825 0.014010507880910683 0.00875 0.02626970227670753
7 0.89625 0.014010507880910683 0.00875 0.02626970227670753
7 0.90875 0.014010507880910683 0.01 0.02626970227670753
7 0.99875 0.014010507880910683 0.00125 0.02626970227670753
7 0.66125 0.012259194395796848 0.01 0.024518388791593695
7 0.675 0.012259194395796848 0.01 0.02276707530647986
7 0.99625 0.012259194395796848 0.00625 0.024518388791593695
7 0.9725 0.5394045534150613 0.01 0.050788091068301226
7 0.98625 0.5394045534150613 0.01 0.05253940455341506
7 0.99625 0.5376532399299475 0.00625 0.04903677758318739
4 0.39625 0.7250437828371279 0.02 0.03327495621716287
4 0.64 0.6357267950963222 0.02375 0.028021015761821366
4 0.64 0.13485113835376533 0.02375 0.028021015761821366
4 0.65625 0.008756567425569177 0.02 0.01576182136602452
4 0.1575 0.5919439579684763 0.02375 0.024518388791593695
4 0.3175 0.05779334500875657 0.02 0.03327495621716287
4 0.25 0.008756567425569177 0.02 0.01576182136602452
7 0.17375 0.06830122591943957 0.01375 0.0542907180385289
7 0.1725 0.014010507880910683 0.0125 0.02626970227670753
7 0.16 0.014010507880910683 0.01125 0.02626970227670753
7 0.14625 0.014010507880910683 0.01125 0.02626970227670753
7 0.13375 0.012259194395796848 0.01125 0.024518388791593695
7 0.12 0.014010507880910683 0.01 0.02626970227670753
4 0.00625 0.08056042031523643 0.01125 0.02626970227670753
5 0.00625 0.1295971978984238 0.01125 0.03327495621716287
4 0.00625 0.3922942206654991 0.01125 0.028021015761821366
4 0.99 0.0070052539404553416 0.02 0.012259194395796848
4 0.005 0.008756567425569177 0.00875 0.01576182136602452
4 0.00625 0.0070052539404553416 0.01125 0.012259194395796848
4 0.00625 0.0070052539404553416 0.01125 0.012259194395796848
4 0.00625 0.005253940455341506 0.01125 0.010507880910683012
4 0.005 0.008756567425569177 0.00875 0.01576182136602452
4 0.00625 0.0070052539404553416 0.01125 0.014010507880910683
4 0.005 0.008756567425569177 0.00875 0.01576182136602452
4 0.00625 0.0070052539404553416 0.01125 0.012259194395796848
4 0.00625 0.0070052539404553416 0.01125 0.012259194395796848
4 0.00625 0.005253940455341506 0.01125 0.010507880910683012
4 0.005 0.008756567425569177 0.00875 0.01576182136602452
4 0.005 0.008756567425569177 0.01 0.01576182136602452
4 0.00625 0.0070052539404553416 0.01125 0.012259194395796848
4 0.00625 0.0070052539404553416 0.01125 0.012259194395796848
1 0.8 0.3502626970227671 0.0325 0.04553415061295972
3 0.19125 0.8161120840630472 0.05625 0.08056042031523643
3 0.7025 0.5901926444833625 0.0525 0.07705779334500876
3 0.01375 0.8143607705779334 0.02625 0.07880910683012259
3 0.01375 0.01926444833625219 0.02625 0.03852889667250438
2 0.06 0.0840630472854641 0.12 0.1681260945709282
3 0.01125 0.014010507880910683 0.02125 0.028021015761821366
3 0.01125 0.014010507880910683 0.02125 0.028021015761821366
3 0.01125 0.014010507880910683 0.02125 0.028021015761821366
3 0.01375 0.01926444833625219 0.02625 0.03852889667250438
3 0.01375 0.01926444833625219 0.0275 0.03852889667250438
2 0.06 0.0840630472854641 0.12 0.1681260945709282
2 0.44375 0.0840630472854641 0.2425 0.1681260945709282
4 0.00625 0.0070052539404553416 0.01125 0.012259194395796848
4 0.005 0.008756567425569177 0.00875 0.01576182136602452
5 0.00625 0.6024518388791593 0.01125 0.03327495621716287
5 0.00625 0.38003502626970226 0.01125 0.03327495621716287
5 0.00625 0.7250437828371279 0.01125 0.03327495621716287
5 0.00625 0.7267950963222417 0.01125 0.0297723292469352
5 0.00625 0.7250437828371279 0.01125 0.028021015761821366
5 0.00625 0.19964973730297722 0.01125 0.03327495621716287
5 0.00625 0.29071803852889666 0.01125 0.03327495621716287
5 0.00625 0.1295971978984238 0.01125 0.03327495621716287
5 0.005 0.1295971978984238 0.01 0.0297723292469352
4 0.95 0.008756567425569177 0.01875 0.01576182136602452
5 0.97875 0.0070052539404553416 0.02 0.014010507880910683
5 0.97875 0.0070052539404553416 0.02 0.014010507880910683
5 0.97875 0.008756567425569177 0.02 0.01576182136602452
5 0.98 0.0070052539404553416 0.02125 0.014010507880910683
6 0.0075 0.010507880910683012 0.01375 0.021015761821366025
6 0.0075 0.010507880910683012 0.01375 0.01926444833625219
5 0.00625 0.008756567425569177 0.01125 0.01576182136602452
5 0.00625 0.008756567425569177 0.01125 0.01576182136602452
5 0.00625 0.008756567425569177 0.01125 0.017513134851138354
5 0.00625 0.138353765323993 0.0125 0.03852889667250438
5 0.00625 0.7197898423817863 0.01125 0.03677758318739054
5 0.00625 0.008756567425569177 0.01125 0.01576182136602452
5 0.00625 0.008756567425569177 0.0125 0.017513134851138354
5 0.0075 0.010507880910683012 0.01375 0.021015761821366025
5 0.00625 0.010507880910683012 0.0125 0.01926444833625219
5 0.0075 0.008756567425569177 0.01375 0.017513134851138354
7 0.00375 0.012259194395796848 0.00625 0.024518388791593695
7 0.0025 0.014010507880910683 0.005 0.028021015761821366
10 0.11 0.6077057793345009 0.0275 0.07530647985989491
10 0.01375 0.626970227670753 0.0275 0.04553415061295972
10 0.015 0.7478108581436077 0.03 0.03852889667250438
3 0.01125 0.2521891418563923 0.02125 0.0595446584938704
7 0.00375 0.1138353765323993 0.0075 0.01576182136602452
7 0.0075 0.1330998248686515 0.01375 0.01576182136602452
7 0.0075 0.15061295971978983 0.015 0.01576182136602452
7 0.00625 0.06304728546409807 0.0125 0.017513134851138354
7 0.00625 0.040280210157618214 0.01125 0.01576182136602452
7 0.0075 0.024518388791593695 0.015 0.01576182136602452
5 0.00625 0.008756567425569177 0.01125 0.017513134851138354
5 0.00625 0.008756567425569177 0.0125 0.017513134851138354
5 0.00625 0.008756567425569177 0.0125 0.017513134851138354
10 0.01375 0.008756567425569177 0.0275 0.01576182136602452
5 0.71625 0.7267950963222417 0.02625 0.03502626970227671
10 0.00625 0.01576182136602452 0.0125 0.03152364273204904
0 0.0075 0.021015761821366025 0.015 0.040280210157618214
6 0.0075 0.010507880910683012 0.015 0.021015761821366025
5 0.00625 0.008756567425569177 0.0125 0.017513134851138354
1 0.0075 0.010507880910683012 0.015 0.021015761821366025
0 0.0075 0.021015761821366025 0.015 0.04203152364273205