11 0.4475 0.014010507880910683 0.04 0.028021015761821366
11 0.44875 0.014010507880910683 0.04 0.028021015761821366
11 0.98375 0.014010507880910683 0.0325 0.028021015761821366
11 0.98375 0.014010507880910683 0.0325 0.028021015761821366
11 0.44875 0.014010507880910683 0.04 0.02626970227670753
11 0.2525 0.2171628721541156 0.04 0.05253940455341506
11 0.30625 0.5884413309982487 0.04 0.05604203152364273
11 0.6225 0.5901926444833625 0.03875 0.0542907180385289
11 0.8575 0.5831873905429071 0.03875 0.0542907180385289
7 0.7825 0.04203152364273205 0.0375 0.012259194395796848
7 0.7825 0.0595446584938704 0.0375 0.012259194395796848
7 0.78375 0.08056042031523643 0.03875 0.01576182136602452
7 0.72875 0.13134851138353765 0.03875 0.014010507880910683
7 0.72875 0.15061295971978983 0.03875 0.014010507880910683
7 0.72875 0.1681260945709282 0.0375 0.014010507880910683
7 0.72875 0.9264448336252189 0.0375 0.012259194395796848
7 0.72875 0.9457092819614711 0.03875 0.014010507880910683
7 0.72875 0.9649737302977233 0.03875 0.014010507880910683
7 0.78375 0.9422066549912435 0.0375 0.014010507880910683
7 0.78375 0.9614711033274956 0.0375 0.014010507880910683
7 0.93375 0.29422066549912435 0.03875 0.014010507880910683
7 0.98375 0.1628721541155867 0.03125 0.01576182136602452
7 0.98375 0.18038528896672504 0.03125 0.014010507880910683
7 0.98375 0.20140105078809106 0.03125 0.01576182136602452
4 0.73625 0.7933450087565674 0.025 0.028021015761821366
4 0.775 0.6287215411558669 0.025 0.02626970227670753
4 0.52125 0.4290718038528897 0.02 0.03152364273204904
4 0.1925 0.5096322241681261 0.02375 0.028021015761821366
4 0.5075 0.008756567425569177 0.02 0.01576182136602452
4 0.1925 0.0070052539404553416 0.02375 0.012259194395796848
4 0.1925 0.0070052539404553416 0.02375 0.012259194395796848
4 0.1925 0.005253940455341506 0.02375 0.010507880910683012
4 0.47875 0.008756567425569177 0.02 0.01576182136602452
4 0.915 0.008756567425569177 0.02125 0.01576182136602452
3 0.6075 0.0840630472854641 0.055 0.07705779334500876
2 0.7175 0.0840630472854641 0.24 0.1681260945709282
3 0.99375 0.014010507880910683 0.01125 0.028021015761821366
6 0.685 0.7548161120840631 0.02875 0.04203152364273205
6 0.895 0.9036777583187391 0.02875 0.040280210157618214
5 0.979375 0.9938704028021016 0.02375 0.012259194395796848
5 0.98 0.8388791593695272 0.02375 0.03502626970227671
5 0.94125 0.008756567425569177 0.0275 0.017513134851138354
10 0.1425 0.01576182136602452 0.02625 0.03152364273204904
0 0.14125 0.021015761821366025 0.03125 0.040280210157618214
6 0.63375 0.010507880910683012 0.03 0.021015761821366025