11 0.4425 0.014010507880910683 0.04 0.028021015761821366
11 0.7675 0.014010507880910683 0.04 0.028021015761821366
11 0.11625 0.014010507880910683 0.04 0.028021015761821366
11 0.01 0.014010507880910683 0.02 0.028021015761821366
11 0.01 0.014010507880910683 0.02 0.028021015761821366
11 0.01 0.014010507880910683 0.02 0.028021015761821366
11 0.01 0.014010507880910683 0.02 0.02626970227670753
11 0.01 0.014010507880910683 0.02 0.028021015761821366
11 0.01 0.014010507880910683 0.02 0.028021015761821366
11 0.01 0.014010507880910683 0.02 0.028021015761821366
11 0.1175 0.014010507880910683 0.04 0.028021015761821366
11 0.44375 0.014010507880910683 0.04 0.028021015761821366
11 0.76875 0.014010507880910683 0.04 0.02626970227670753
11 0.01 0.6830122591943958 0.01875 0.05779334500875657
11 0.01 0.014010507880910683 0.02 0.028021015761821366
11 0.01 0.014010507880910683 0.02 0.028021015761821366
11 0.01 0.014010507880910683 0.01875 0.028021015761821366
11 0.01 0.014010507880910683 0.02 0.028021015761821366
11 0.01 0.014010507880910683 0.02 0.02626970227670753
11 0.01 0.014010507880910683 0.02 0.02626970227670753
11 0.01 0.014010507880910683 0.02 0.028021015761821366
11 0.01 0.014010507880910683 0.01875 0.02626970227670753
11 0.01 0.014010507880910683 0.01875 0.02626970227670753
11 0.01 0.03327495621716287 0.02 0.05253940455341506
11 0.01 0.03327495621716287 0.02 0.05779334500875657
11 0.01 0.07355516637478109 0.01875 0.0542907180385289
11 0.01 0.3397548161120841 0.02 0.05779334500875657
11 0.01 0.28896672504378285 0.02 0.05604203152364273
11 0.01 0.8493870402802102 0.01875 0.05604203152364273
11 0.01 0.8126094570928196 0.02 0.05604203152364273
11 0.00875 0.9947460595446584 0.0175 0.010507880910683012
11 0.00875 0.4763572679509632 0.0175 0.050788091068301226
11 0.00875 0.8038528896672504 0.0175 0.05253940455341506
11 0.00875 0.7513134851138353 0.0175 0.050788091068301226
7 0.01 0.0035026269702276708 0.01875 0.005253940455341506
7 0.01 0.0035026269702276708 0.01875 0.005253940455341506
7 0.01 0.0035026269702276708 0.01875 0.005253940455341506
7 0.01 0.0035026269702276708 0.01875 0.005253940455341506
7 0.01 0.0035026269702276708 0.01875 0.005253940455341506
7 0.01 0.0035026269702276708 0.01875 0.005253940455341506
7 0.0025 0.012259194395796848 0.00375 0.024518388791593695
7 0.0025 0.014010507880910683 0.00375 0.02626970227670753
7 0.0025 0.012259194395796848 0.00375 0.024518388791593695
7 0.01 0.10507880910683012 0.01875 0.014010507880910683
7 0.01 0.0035026269702276708 0.01875 0.005253940455341506
7 0.00875 0.0035026269702276708 0.0175 0.005253940455341506
7 0.01 0.0035026269702276708 0.01875 0.0070052539404553416
7 0.01 0.0035026269702276708 0.01875 0.005253940455341506
7 0.01 0.0035026269702276708 0.01875 0.005253940455341506
7 0.01 0.0035026269702276708 0.01875 0.005253940455341506
7 0.01 0.0035026269702276708 0.01875 0.005253940455341506
7 0.01 0.0035026269702276708 0.01875 0.005253940455341506
7 0.01 0.0035026269702276708 0.01875 0.005253940455341506
7 0.01 0.0035026269702276708 0.01875 0.005253940455341506
7 0.00875 0.0035026269702276708 0.0175 0.005253940455341506
7 0.0025 0.2574430823117338 0.00375 0.04903677758318739
7 0.01 0.0035026269702276708 0.01875 0.005253940455341506
7 0.0025 0.012259194395796848 0.00375 0.024518388791593695
7 0.0025 0.012259194395796848 0.00375 0.024518388791593695
7 0.00875 0.0035026269702276708 0.0175 0.005253940455341506
7 0.01 0.0035026269702276708 0.01875 0.005253940455341506
7 0.01 0.0035026269702276708 0.01875 0.0070052539404553416
7 0.0025 0.9702276707530648 0.00375 0.0542907180385289
7 0.0025 0.9702276707530648 0.00375 0.0542907180385289
7 0.8825 0.014010507880910683 0.00875 0.02626970227670753
7 0.89625 0.014010507880910683 0.00875 0.02626970227670753
7 0.90875 0.014010507880910683 0.01 0.02626970227670753
7 0.99875 0.014010507880910683 0.00125 0.02626970227670753
7 0.66125 0.012259194395796848 0.01 0.024518388791593695
7 0.675 0.012259194395796848 0.01 0.02276707530647986
7 0.99625 0.9719789842381786 0.00625 0.05253940455341506
4 0.6575 0.9824868651488616 0.01875 0.03152364273204904
4 0.25125 0.9807355516637478 0.02 0.03152364273204904
7 0.1725 0.9719789842381786 0.0125 0.0542907180385289
7 0.16125 0.9702276707530648 0.01125 0.0542907180385289
7 0.14625 0.9702276707530648 0.01125 0.05253940455341506
7 0.13375 0.9719789842381786 0.01 0.05253940455341506
7 0.12125 0.9719789842381786 0.01 0.0542907180385289
4 0.99 0.29071803852889666 0.02 0.02626970227670753
4 0.005 0.19264448336252188 0.00875 0.03327495621716287
4 0.00625 0.10683012259194395 0.01125 0.02626970227670753
4 0.00625 0.0070052539404553416 0.01125 0.012259194395796848
4 0.00625 0.005253940455341506 0.01125 0.010507880910683012
4 0.005 0.008756567425569177 0.00875 0.01576182136602452
4 0.00625 0.0070052539404553416 0.01125 0.014010507880910683
4 0.005 0.008756567425569177 0.00875 0.01576182136602452
4 0.00625 0.0070052539404553416 0.01125 0.012259194395796848
4 0.00625 0.0070052539404553416 0.01125 0.012259194395796848
4 0.00625 0.005253940455341506 0.01125 0.010507880910683012
4 0.005 0.008756567425569177 0.00875 0.01576182136602452
4 0.005 0.008756567425569177 0.01 0.01576182136602452
4 0.00625 0.0070052539404553416 0.01125 0.012259194395796848
4 0.00625 0.0070052539404553416 0.01125 0.012259194395796848
3 0.01375 0.01926444833625219 0.02625 0.03852889667250438
2 0.06 0.0840630472854641 0.12 0.1681260945709282
3 0.01125 0.014010507880910683 0.02125 0.028021015761821366
3 0.01125 0.014010507880910683 0.02125 0.028021015761821366
3 0.01125 0.014010507880910683 0.02125 0.028021015761821366
3 0.01375 0.01926444833625219 0.02625 0.03852889667250438
3 0.01375 0.01926444833625219 0.0275 0.03852889667250438
2 0.06 0.0840630472854641 0.12 0.1681260945709282
2 0.44375 0.0840630472854641 0.2425 0.1681260945709282
4 0.00625 0.6024518388791593 0.01125 0.028021015761821366
4 0.005 0.3380035026269702 0.00875 0.03327495621716287
4 0.95 0.008756567425569177 0.01875 0.01576182136602452
5 0.97875 0.0070052539404553416 0.02 0.014010507880910683
5 0.97875 0.0070052539404553416 0.02 0.014010507880910683
5 0.97875 0.008756567425569177 0.02 0.01576182136602452
5 0.98 0.0070052539404553416 0.02125 0.014010507880910683
6 0.0075 0.010507880910683012 0.01375 0.021015761821366025
6 0.0075 0.010507880910683012 0.01375 0.01926444833625219
5 0.00625 0.010507880910683012 0.01125 0.021015761821366025
5 0.00625 0.008756567425569177 0.01125 0.01576182136602452
5 0.00625 0.4203152364273205 0.01125 0.03677758318739054
5 0.00625 0.008756567425569177 0.01125 0.01576182136602452
5 0.00625 0.008756567425569177 0.0125 0.017513134851138354
5 0.0075 0.1190893169877408 0.01375 0.043782837127845885
5 0.00625 0.010507880910683012 0.0125 0.01926444833625219
5 0.0075 0.6987740805604203 0.01375 0.03852889667250438
7 0.00375 0.012259194395796848 0.00625 0.024518388791593695
7 0.0025 0.014010507880910683 0.005 0.028021015761821366
5 0.00625 0.008756567425569177 0.01125 0.017513134851138354
5 0.00625 0.008756567425569177 0.0125 0.017513134851138354
5 0.00625 0.008756567425569177 0.0125 0.017513134851138354
10 0.01375 0.008756567425569177 0.0275 0.01576182136602452
10 0.00625 0.01576182136602452 0.0125 0.03152364273204904
0 0.0075 0.021015761821366025 0.015 0.040280210157618214
6 0.0075 0.010507880910683012 0.015 0.021015761821366025
5 0.00625 0.3397548161120841 0.0125 0.03852889667250438
1 0.0075 0.6217162872154116 0.015 0.04553415061295972
0 0.0075 0.5901926444833625 0.015 0.08581436077057793