11 0.01 0.8651488616462347 0.02 0.05779334500875657
11 0.01 0.5971978984238179 0.02 0.0595446584938704
11 0.01 0.5866900175131349 0.02 0.0595446584938704
11 0.1175 0.5866900175131349 0.04 0.05604203152364273
11 0.44375 0.5884413309982487 0.04 0.05604203152364273
11 0.76875 0.5971978984238179 0.04 0.0542907180385289
11 0.01 0.014010507880910683 0.02 0.028021015761821366
11 0.01 0.23467600700525393 0.02 0.05779334500875657
11 0.01 0.23642732049036777 0.01875 0.05779334500875657
11 0.01 0.014010507880910683 0.02 0.028021015761821366
11 0.01 0.7250437828371279 0.02 0.0542907180385289
7 0.01 0.29071803852889666 0.01875 0.014010507880910683
7 0.01 0.30998248686514884 0.01875 0.01576182136602452
7 0.01 0.637478108581436 0.01875 0.014010507880910683
7 0.01 0.6549912434325744 0.01875 0.014010507880910683
7 0.01 0.6742556917688266 0.01875 0.014010507880910683
7 0.01 0.6935201401050788 0.01875 0.014010507880910683
4 0.004375 0.98861646234676 0.00875 0.02276707530647986
4 0.00625 0.7338003502626971 0.01125 0.028021015761821366
4 0.00625 0.1646234676007005 0.01125 0.028021015761821366
4 0.00625 0.005253940455341506 0.01125 0.010507880910683012
4 0.005 0.008756567425569177 0.00875 0.01576182136602452
4 0.005 0.008756567425569177 0.01 0.01576182136602452
4 0.00625 0.0070052539404553416 0.01125 0.012259194395796848
4 0.00625 0.3432574430823117 0.01125 0.028021015761821366
2 0.06 0.2329246935201401 0.12 0.3362521891418564
3 0.01125 0.7338003502626971 0.02125 0.0595446584938704
3 0.01125 0.7320490367775832 0.02125 0.05604203152364273
3 0.01375 0.28371278458844135 0.02625 0.07705779334500876
3 0.01375 0.01926444833625219 0.0275 0.03852889667250438
2 0.06 0.8590192644483362 0.12 0.2819614711033275
2 0.44375 0.8590192644483362 0.2425 0.2819614711033275
5 0.98 0.45709281961471104 0.02 0.0297723292469352
5 0.97875 0.7478108581436077 0.02 0.0297723292469352
5 0.00625 0.7635726795096323 0.0125 0.03852889667250438
5 0.00625 0.723292469352014 0.0125 0.03852889667250438
10 0.01375 0.4098073555166375 0.0275 0.03502626970227671
10 0.00625 0.1330998248686515 0.0125 0.06654991243432574
0 0.0075 0.021015761821366025 0.015 0.040280210157618214
6 0.0075 0.9001751313485113 0.015 0.04203152364273205