11 0.81375 0.563922942206655 0.04125 0.05779334500875657
4 0.81125 0.010507880910683012 0.04125 0.01926444833625219
8 0.8125 0.010507880910683012 0.03875 0.01926444833625219
5 0.8125 0.008756567425569177 0.0275 0.017513134851138354
11 0.01 0.4938704028021016 0.02 0.05779334500875657
11 0.01 0.8021015761821366 0.02 0.0595446584938704
11 0.01 0.8021015761821366 0.02 0.05779334500875657
11 0.01 0.4973730297723292 0.02 0.0595446584938704
11 0.01 0.51138353765324 0.02 0.05779334500875657
4 0.00625 0.5201401050788091 0.01125 0.0297723292469352
4 0.005 0.25569176882662 0.01 0.03677758318739054
5 0.00625 0.3204903677758319 0.01125 0.03502626970227671
11 0.01 0.8686514886164624 0.02 0.0595446584938704
4 0.00625 0.8073555166374781 0.01125 0.028021015761821366
11 0.08875 0.4133099824868651 0.04125 0.0595446584938704
11 0.01 0.014010507880910683 0.02 0.028021015761821366
11 0.01 0.014010507880910683 0.02 0.028021015761821366
11 0.01 0.06830122591943957 0.02 0.0595446584938704
11 0.01 0.01576182136602452 0.02 0.0297723292469352
11 0.01 0.014010507880910683 0.02 0.028021015761821366
11 0.01 0.06830122591943957 0.02 0.0595446584938704
11 0.01 0.19439579684763572 0.01875 0.05779334500875657
11 0.01 0.20665499124343256 0.02 0.05604203152364273
11 0.01 0.19439579684763572 0.02 0.05779334500875657
11 0.01 0.19439579684763572 0.02 0.05604203152364273
11 0.01 0.20490367775831875 0.02 0.05604203152364273
11 0.01 0.22416812609457093 0.02 0.05604203152364273
11 0.01 0.07355516637478109 0.02 0.05604203152364273
11 0.01 0.014010507880910683 0.02 0.028021015761821366
11 0.01 0.014010507880910683 0.02 0.028021015761821366
11 0.01 0.014010507880910683 0.02 0.028021015761821366
11 0.01 0.014010507880910683 0.02 0.028021015761821366
11 0.01 0.014010507880910683 0.02 0.028021015761821366
11 0.01 0.014010507880910683 0.02 0.02626970227670753
11 0.01 0.014010507880910683 0.02 0.028021015761821366
11 0.01 0.014010507880910683 0.02 0.028021015761821366
11 0.01 0.014010507880910683 0.01875 0.028021015761821366
11 0.01 0.014010507880910683 0.02 0.028021015761821366
11 0.01 0.014010507880910683 0.02 0.02626970227670753
11 0.01 0.2171628721541156 0.02 0.05253940455341506
11 0.01 0.5884413309982487 0.02 0.05604203152364273
11 0.01 0.5901926444833625 0.01875 0.05604203152364273
11 0.01 0.5814360770577933 0.01875 0.05604203152364273
11 0.13625 0.7320490367775832 0.04 0.05604203152364273
11 0.81375 0.6287215411558669 0.04125 0.05779334500875657
7 0.81375 0.23467600700525393 0.01 0.05604203152364273
7 0.01 0.0035026269702276708 0.01875 0.005253940455341506
7 0.01 0.0035026269702276708 0.01875 0.005253940455341506
7 0.01 0.0035026269702276708 0.01875 0.005253940455341506
7 0.01 0.0035026269702276708 0.01875 0.005253940455341506
7 0.01 0.0035026269702276708 0.01875 0.005253940455341506
7 0.01 0.0035026269702276708 0.01875 0.005253940455341506
7 0.0025 0.46059544658493873 0.00375 0.05253940455341506
7 0.0025 0.46059544658493873 0.00375 0.05253940455341506
7 0.0025 0.46059544658493873 0.00375 0.05253940455341506
7 0.01 0.04203152364273205 0.01875 0.012259194395796848
7 0.00875 0.0595446584938704 0.0175 0.014010507880910683
7 0.01 0.07880910683012259 0.01875 0.01576182136602452
7 0.01 0.13134851138353765 0.01875 0.014010507880910683
7 0.01 0.15061295971978983 0.01875 0.014010507880910683
7 0.01 0.1681260945709282 0.01875 0.014010507880910683
7 0.01 0.9264448336252189 0.01875 0.014010507880910683
7 0.01 0.9457092819614711 0.01875 0.014010507880910683
7 0.01 0.9632224168126094 0.01875 0.014010507880910683
7 0.01 0.9422066549912435 0.01875 0.014010507880910683
7 0.00875 0.9597197898423818 0.0175 0.014010507880910683
7 0.01 0.29246935201401053 0.01875 0.014010507880910683
7 0.0025 0.45884413309982486 0.00375 0.050788091068301226
7 0.0025 0.45884413309982486 0.00375 0.050788091068301226
7 0.00875 0.1628721541155867 0.0175 0.01576182136602452
7 0.01 0.18038528896672504 0.01875 0.014010507880910683
7 0.01 0.20140105078809106 0.01875 0.01576182136602452
7 0.0025 0.36252189141856395 0.00375 0.0542907180385289
7 0.0025 0.3607705779334501 0.00375 0.05604203152364273
7 0.0025 0.36252189141856395 0.00375 0.05253940455341506
7 0.0025 0.46059544658493873 0.00375 0.0542907180385289
7 0.0025 0.46059544658493873 0.00375 0.050788091068301226
7 0.0025 0.45884413309982486 0.00375 0.050788091068301226
7 0.0025 0.46059544658493873 0.00375 0.04903677758318739
7 0.0025 0.7040280210157618 0.00375 0.04903677758318739
7 0.0025 0.5674255691768827 0.005 0.043782837127845885
7 0.0025 0.5656742556917689 0.00375 0.043782837127845885
7 0.0025 0.4973730297723292 0.005 0.043782837127845885
7 0.0025 0.4938704028021016 0.005 0.043782837127845885
7 0.0025 0.3309982486865149 0.00375 0.047285464098073555
7 0.0025 0.3309982486865149 0.00375 0.047285464098073555
7 0.0025 0.3309982486865149 0.00375 0.04903677758318739
7 0.0025 0.24518388791593695 0.00375 0.04903677758318739
7 0.0025 0.24518388791593695 0.00375 0.047285464098073555
7 0.0025 0.012259194395796848 0.00375 0.024518388791593695
7 0.0025 0.012259194395796848 0.00375 0.024518388791593695
7 0.0025 0.012259194395796848 0.00375 0.024518388791593695
7 0.0025 0.012259194395796848 0.00375 0.024518388791593695
7 0.00875 0.6847635726795096 0.0175 0.01576182136602452
7 0.0025 0.24518388791593695 0.00375 0.05253940455341506
7 0.0025 0.2469352014010508 0.00375 0.050788091068301226
7 0.0025 0.2469352014010508 0.00375 0.050788091068301226
7 0.0025 0.318739054290718 0.00375 0.04903677758318739
1 0.78375 0.8966725043782837 0.035 0.04903677758318739
3 0.81375 0.36427320490367776 0.035 0.050788091068301226
9 0.81375 0.4308231173380035 0.0375 0.05253940455341506
10 0.82125 0.010507880910683012 0.05625 0.021015761821366025
0 0.82125 0.010507880910683012 0.0625 0.021015761821366025
3 0.01 0.9194395796847635 0.02 0.0542907180385289
4 0.00625 0.7915936952714536 0.01125 0.028021015761821366
4 0.00625 0.6287215411558669 0.01125 0.02626970227670753
4 0.005 0.4290718038528897 0.00875 0.03327495621716287
4 0.00625 0.5078809106830122 0.01125 0.028021015761821366
4 0.005 0.008756567425569177 0.00875 0.01576182136602452
4 0.00625 0.0070052539404553416 0.01125 0.012259194395796848
4 0.00625 0.0070052539404553416 0.01125 0.012259194395796848
4 0.00625 0.005253940455341506 0.01125 0.010507880910683012
4 0.005 0.008756567425569177 0.00875 0.01576182136602452
4 0.005 0.008756567425569177 0.01 0.01576182136602452
4 0.00625 0.0070052539404553416 0.01125 0.012259194395796848
4 0.00625 0.0070052539404553416 0.01125 0.012259194395796848
3 0.01375 0.0840630472854641 0.02625 0.07705779334500876
2 0.06 0.0840630472854641 0.12 0.1681260945709282
3 0.01125 0.07705779334500876 0.02125 0.0595446584938704
3 0.01125 0.014010507880910683 0.02125 0.028021015761821366
3 0.01125 0.014010507880910683 0.02125 0.028021015761821366
3 0.0125 0.4903677758318739 0.025 0.07705779334500876
3 0.01375 0.021015761821366025 0.0275 0.040280210157618214
3 0.01375 0.01926444833625219 0.0275 0.03677758318739054
3 0.01375 0.01926444833625219 0.02625 0.03852889667250438
3 0.01375 0.01926444833625219 0.0275 0.03852889667250438
2 0.06 0.0840630472854641 0.12 0.1681260945709282
2 0.06 0.0840630472854641 0.12 0.1681260945709282
5 0.00625 0.5761821366024519 0.01125 0.03327495621716287
6 0.0075 0.649737302977233 0.01375 0.040280210157618214
4 0.005 0.44833625218914186 0.00875 0.03327495621716287
4 0.00625 0.0070052539404553416 0.01125 0.012259194395796848
5 0.005 0.0070052539404553416 0.00875 0.014010507880910683
5 0.005 0.0070052539404553416 0.00875 0.014010507880910683
4 0.00625 0.014010507880910683 0.01125 0.028021015761821366
5 0.005 0.16112084063047286 0.00875 0.03152364273204904
5 0.005 0.3502626970227671 0.01 0.028021015761821366
6 0.0075 0.7548161120840631 0.01375 0.04203152364273205
6 0.0075 0.9019264448336253 0.01375 0.040280210157618214
5 0.005625 0.9938704028021016 0.01125 0.012259194395796848
5 0.00625 0.8388791593695272 0.01125 0.03502626970227671
5 0.00625 0.3957968476357268 0.01125 0.03502626970227671
5 0.00625 0.008756567425569177 0.0125 0.017513134851138354
5 0.00625 0.7320490367775832 0.0125 0.040280210157618214
7 0.00375 0.45709281961471104 0.00625 0.05253940455341506
7 0.0025 0.45884413309982486 0.005 0.05779334500875657
8 0.00875 0.050788091068301226 0.0175 0.03852889667250438
8 0.00875 0.008756567425569177 0.0175 0.017513134851138354
10 0.01375 0.008756567425569177 0.0275 0.01576182136602452
5 0.00625 0.44833625218914186 0.01125 0.03852889667250438
5 0.00625 0.39404553415061294 0.0125 0.03852889667250438
5 0.00625 0.008756567425569177 0.0125 0.017513134851138354
10 0.01375 0.008756567425569177 0.0275 0.01576182136602452
10 0.00625 0.01576182136602452 0.0125 0.03152364273204904
0 0.0075 0.021015761821366025 0.015 0.040280210157618214
6 0.0075 0.010507880910683012 0.015 0.021015761821366025
1 0.0075 0.6357267950963222 0.015 0.047285464098073555
1 0.0475 0.4115586690017513 0.03375 0.047285464098073555