11 0.73625 0.014010507880910683 0.04125 0.028021015761821366
11 0.73625 0.014010507880910683 0.04125 0.028021015761821366
11 0.73625 0.01576182136602452 0.04125 0.0297723292469352
11 0.3175 0.014010507880910683 0.04125 0.028021015761821366
5 0.49875 0.010507880910683012 0.0275 0.01926444833625219
11 0.35 0.014010507880910683 0.04125 0.028021015761821366
11 0.35 0.014010507880910683 0.04125 0.028021015761821366
11 0.16375 0.014010507880910683 0.04 0.028021015761821366
4 0.24625 0.0070052539404553416 0.025 0.014010507880910683
4 0.30125 0.008756567425569177 0.02125 0.01576182136602452
5 0.5775 0.008756567425569177 0.02625 0.01576182136602452
11 0.07375 0.014010507880910683 0.04 0.028021015761821366
4 0.0975 0.0070052539404553416 0.02375 0.014010507880910683
11 0.32375 0.014010507880910683 0.04 0.028021015761821366
11 0.07375 0.014010507880910683 0.04 0.028021015761821366
11 0.13375 0.014010507880910683 0.04 0.028021015761821366
11 0.4575 0.014010507880910683 0.0425 0.028021015761821366
11 0.45625 0.014010507880910683 0.04 0.028021015761821366
11 0.13375 0.014010507880910683 0.04 0.028021015761821366
11 0.68 0.014010507880910683 0.04 0.02626970227670753
11 0.99125 0.014010507880910683 0.0175 0.028021015761821366
11 0.99125 0.014010507880910683 0.0175 0.028021015761821366
11 0.68 0.014010507880910683 0.0425 0.028021015761821366
11 0.6325 0.014010507880910683 0.04 0.028021015761821366
11 0.8775 0.014010507880910683 0.04125 0.028021015761821366
11 0.87875 0.014010507880910683 0.04 0.028021015761821366
11 0.73 0.014010507880910683 0.04125 0.028021015761821366
11 0.73125 0.01576182136602452 0.0425 0.0297723292469352
11 0.20375 0.014010507880910683 0.04125 0.028021015761821366
11 0.2025 0.014010507880910683 0.04125 0.028021015761821366
11 0.01 0.014010507880910683 0.02 0.028021015761821366
11 0.01 0.014010507880910683 0.02 0.028021015761821366
11 0.01 0.014010507880910683 0.02 0.028021015761821366
11 0.01 0.014010507880910683 0.02 0.028021015761821366
11 0.01 0.014010507880910683 0.02 0.028021015761821366
11 0.445 0.7267950963222417 0.0425 0.06129597197898424
11 0.12375 0.7267950963222417 0.0425 0.05779334500875657
11 0.01125 0.7250437828371279 0.02125 0.06654991243432574
11 0.01 0.7250437828371279 0.02 0.0595446584938704
11 0.01 0.7250437828371279 0.02 0.05779334500875657
11 0.01 0.014010507880910683 0.02 0.028021015761821366
11 0.01 0.014010507880910683 0.01875 0.028021015761821366
11 0.01 0.014010507880910683 0.02 0.028021015761821366
11 0.01 0.014010507880910683 0.02 0.028021015761821366
11 0.01 0.014010507880910683 0.02 0.028021015761821366
11 0.01 0.014010507880910683 0.02 0.028021015761821366
11 0.01 0.014010507880910683 0.02 0.028021015761821366
11 0.01 0.014010507880910683 0.02 0.02626970227670753
11 0.01 0.014010507880910683 0.02 0.028021015761821366
11 0.01 0.014010507880910683 0.02 0.028021015761821366
11 0.01 0.014010507880910683 0.02 0.028021015761821366
11 0.01 0.014010507880910683 0.02 0.028021015761821366
11 0.01 0.014010507880910683 0.02 0.028021015761821366
11 0.01 0.014010507880910683 0.02 0.02626970227670753
11 0.01 0.014010507880910683 0.02 0.028021015761821366
11 0.01 0.014010507880910683 0.02 0.028021015761821366
11 0.01 0.014010507880910683 0.02 0.028021015761821366
11 0.01 0.014010507880910683 0.01875 0.028021015761821366
11 0.01 0.014010507880910683 0.02 0.028021015761821366
11 0.01 0.014010507880910683 0.02 0.028021015761821366
11 0.01 0.014010507880910683 0.01875 0.028021015761821366
11 0.01 0.014010507880910683 0.02 0.028021015761821366
11 0.01 0.014010507880910683 0.02 0.02626970227670753
11 0.01 0.014010507880910683 0.02 0.02626970227670753
11 0.01 0.014010507880910683 0.02 0.028021015761821366
11 0.01 0.014010507880910683 0.01875 0.02626970227670753
11 0.01 0.014010507880910683 0.01875 0.02626970227670753
11 0.01 0.014010507880910683 0.02 0.02626970227670753
11 0.01 0.014010507880910683 0.02 0.028021015761821366
11 0.01 0.014010507880910683 0.01875 0.02626970227670753
11 0.01 0.014010507880910683 0.02 0.028021015761821366
11 0.01 0.014010507880910683 0.02 0.028021015761821366
11 0.01 0.014010507880910683 0.01875 0.028021015761821366
11 0.01 0.014010507880910683 0.02 0.028021015761821366
11 0.00875 0.012259194395796848 0.0175 0.024518388791593695
11 0.00875 0.014010507880910683 0.0175 0.02626970227670753
11 0.01 0.014010507880910683 0.01875 0.02626970227670753
11 0.00875 0.014010507880910683 0.0175 0.02626970227670753
11 0.01 0.014010507880910683 0.02 0.028021015761821366
11 0.00875 0.014010507880910683 0.0175 0.02626970227670753
11 0.00875 0.014010507880910683 0.0175 0.02626970227670753
11 0.00875 0.012259194395796848 0.0175 0.024518388791593695
11 0.00875 0.012259194395796848 0.0175 0.024518388791593695
11 0.00875 0.012259194395796848 0.0175 0.024518388791593695
7 0.01 0.0035026269702276708 0.01875 0.005253940455341506
7 0.01 0.0035026269702276708 0.01875 0.005253940455341506
7 0.01 0.0035026269702276708 0.01875 0.005253940455341506
7 0.01 0.0035026269702276708 0.01875 0.005253940455341506
7 0.01 0.0035026269702276708 0.01875 0.005253940455341506
7 0.01 0.0035026269702276708 0.01875 0.005253940455341506
7 0.0025 0.012259194395796848 0.00375 0.024518388791593695
7 0.0025 0.014010507880910683 0.00375 0.02626970227670753
7 0.0025 0.012259194395796848 0.00375 0.024518388791593695
7 0.01 0.0035026269702276708 0.01875 0.005253940455341506
7 0.01 0.0035026269702276708 0.01875 0.005253940455341506
7 0.00875 0.0035026269702276708 0.0175 0.005253940455341506
7 0.01 0.0035026269702276708 0.01875 0.0070052539404553416
7 0.01 0.0035026269702276708 0.01875 0.005253940455341506
7 0.01 0.0035026269702276708 0.01875 0.005253940455341506
7 0.01 0.0035026269702276708 0.01875 0.005253940455341506
7 0.01 0.0035026269702276708 0.01875 0.005253940455341506
7 0.01 0.0035026269702276708 0.01875 0.005253940455341506
7 0.01 0.0035026269702276708 0.01875 0.005253940455341506
7 0.01 0.0035026269702276708 0.01875 0.005253940455341506
7 0.00875 0.0035026269702276708 0.0175 0.005253940455341506
7 0.0025 0.012259194395796848 0.00375 0.02276707530647986
7 0.0025 0.012259194395796848 0.00375 0.024518388791593695
7 0.00625 0.008756567425569177 0.01125 0.01576182136602452
7 0.01 0.0035026269702276708 0.01875 0.005253940455341506
7 0.0025 0.012259194395796848 0.00375 0.024518388791593695
7 0.0025 0.012259194395796848 0.00375 0.024518388791593695
7 0.00875 0.0035026269702276708 0.0175 0.005253940455341506
7 0.01 0.0035026269702276708 0.01875 0.005253940455341506
7 0.01 0.0035026269702276708 0.01875 0.0070052539404553416
7 0.0025 0.014010507880910683 0.00375 0.02626970227670753
7 0.0025 0.014010507880910683 0.00375 0.02626970227670753
7 0.0025 0.014010507880910683 0.00375 0.02626970227670753
7 0.0025 0.014010507880910683 0.00375 0.02626970227670753
7 0.0025 0.014010507880910683 0.00375 0.02626970227670753
7 0.0025 0.012259194395796848 0.00375 0.024518388791593695
7 0.01 0.0035026269702276708 0.02 0.0070052539404553416
7 0.0025 0.014010507880910683 0.00375 0.02626970227670753
7 0.0025 0.014010507880910683 0.00375 0.02626970227670753
7 0.0025 0.014010507880910683 0.00375 0.02626970227670753
7 0.00375 0.014010507880910683 0.0075 0.02626970227670753
7 0.01625 0.012259194395796848 0.01 0.024518388791593695
7 0.0025 0.012259194395796848 0.00375 0.024518388791593695
7 0.0025 0.012259194395796848 0.00375 0.02276707530647986
7 0.12375 0.012259194395796848 0.01 0.02276707530647986
7 0.09125 0.014010507880910683 0.01 0.02626970227670753
7 0.0025 0.012259194395796848 0.00375 0.024518388791593695
7 0.01125 0.012259194395796848 0.00875 0.024518388791593695
7 0.0025 0.012259194395796848 0.00375 0.024518388791593695
7 0.0025 0.014010507880910683 0.00375 0.02626970227670753
7 0.0025 0.012259194395796848 0.00375 0.02276707530647986
7 0.89625 0.014010507880910683 0.01 0.02626970227670753
7 0.90875 0.014010507880910683 0.01 0.02626970227670753
7 0.9225 0.012259194395796848 0.01125 0.024518388791593695
7 0.5625 0.010507880910683012 0.01 0.021015761821366025
7 0.94875 0.010507880910683012 0.01125 0.021015761821366025
7 0.96125 0.010507880910683012 0.01 0.021015761821366025
7 0.96 0.010507880910683012 0.01125 0.021015761821366025
7 0.9725 0.010507880910683012 0.01125 0.021015761821366025
7 0.80625 0.012259194395796848 0.01 0.02276707530647986
7 0.82 0.012259194395796848 0.01 0.02276707530647986
7 0.8325 0.012259194395796848 0.01 0.02276707530647986
7 0.825 0.012259194395796848 0.00875 0.02276707530647986
7 0.8375 0.012259194395796848 0.01 0.02276707530647986
7 0.7825 0.012259194395796848 0.01 0.024518388791593695
7 0.79625 0.012259194395796848 0.01 0.024518388791593695
7 0.13875 0.012259194395796848 0.01 0.024518388791593695
7 0.15125 0.012259194395796848 0.00875 0.024518388791593695
7 0.29875 0.014010507880910683 0.01 0.02626970227670753
7 0.31125 0.012259194395796848 0.00875 0.024518388791593695
7 0.40125 0.012259194395796848 0.00875 0.024518388791593695
7 0.3725 0.012259194395796848 0.01 0.024518388791593695
7 0.38625 0.012259194395796848 0.01 0.024518388791593695
7 0.4 0.012259194395796848 0.01 0.02276707530647986
7 0.48625 0.012259194395796848 0.01 0.024518388791593695
7 0.5 0.012259194395796848 0.01 0.024518388791593695
7 0.5125 0.012259194395796848 0.00875 0.024518388791593695
7 0.49 0.0035026269702276708 0.035 0.005253940455341506
7 0.2475 0.012259194395796848 0.01 0.024518388791593695
7 0.26 0.012259194395796848 0.00875 0.024518388791593695
7 0.27375 0.012259194395796848 0.00875 0.024518388791593695
7 0.24625 0.012259194395796848 0.00875 0.02276707530647986
3 0.91 0.014010507880910683 0.0425 0.02626970227670753
3 0.01 0.989492119089317 0.02 0.021015761821366025
3 0.83875 0.9019264448336253 0.04375 0.06304728546409807
4 0.005 0.008756567425569177 0.01 0.01576182136602452
4 0.00625 0.0070052539404553416 0.01125 0.012259194395796848
4 0.00625 0.0070052539404553416 0.01125 0.012259194395796848
4 0.005 0.008756567425569177 0.00875 0.01576182136602452
4 0.00625 0.005253940455341506 0.01125 0.010507880910683012
4 0.005 0.008756567425569177 0.00875 0.01576182136602452
4 0.005 0.008756567425569177 0.00875 0.01576182136602452
7 0.00375 0.014010507880910683 0.00625 0.02626970227670753
7 0.0025 0.014010507880910683 0.005 0.02626970227670753
7 0.0025 0.014010507880910683 0.005 0.02626970227670753
7 0.0025 0.014010507880910683 0.00375 0.02626970227670753
7 0.0025 0.012259194395796848 0.00375 0.024518388791593695
7 0.0025 0.014010507880910683 0.00375 0.02626970227670753
4 0.00625 0.0070052539404553416 0.01125 0.012259194395796848
5 0.00625 0.008756567425569177 0.01125 0.01576182136602452
4 0.00625 0.0070052539404553416 0.01125 0.012259194395796848
4 0.05 0.0070052539404553416 0.02375 0.012259194395796848
4 0.24 0.008756567425569177 0.01875 0.01576182136602452
4 0.54 0.0070052539404553416 0.0225 0.012259194395796848
4 0.64375 0.008756567425569177 0.02 0.01576182136602452
4 0.58 0.0070052539404553416 0.02375 0.012259194395796848
4 0.54 0.0070052539404553416 0.02375 0.012259194395796848
4 0.1825 0.008756567425569177 0.01875 0.01576182136602452
4 0.17375 0.008756567425569177 0.01875 0.01576182136602452
4 0.0975 0.0070052539404553416 0.02375 0.012259194395796848
4 0.00625 0.0070052539404553416 0.01125 0.012259194395796848
4 0.54375 0.008756567425569177 0.01875 0.01576182136602452
1 0.99375 0.010507880910683012 0.01125 0.021015761821366025
4 0.005 0.008756567425569177 0.00875 0.01576182136602452
4 0.00625 0.0070052539404553416 0.01125 0.012259194395796848
4 0.00625 0.0070052539404553416 0.01125 0.012259194395796848
4 0.00625 0.005253940455341506 0.01125 0.010507880910683012
4 0.005 0.008756567425569177 0.00875 0.01576182136602452
4 0.00625 0.0070052539404553416 0.01125 0.014010507880910683
4 0.005 0.008756567425569177 0.00875 0.01576182136602452
4 0.00625 0.0070052539404553416 0.01125 0.012259194395796848
4 0.00625 0.0070052539404553416 0.01125 0.012259194395796848
4 0.00625 0.005253940455341506 0.01125 0.010507880910683012
4 0.005 0.008756567425569177 0.00875 0.01576182136602452
4 0.005 0.008756567425569177 0.01 0.01576182136602452
4 0.00625 0.0070052539404553416 0.01125 0.012259194395796848
4 0.00625 0.0070052539404553416 0.01125 0.012259194395796848
1 0.0075 0.010507880910683012 0.015 0.021015761821366025
3 0.835 0.01926444833625219 0.055 0.03677758318739054
3 0.5075 0.01926444833625219 0.05625 0.03852889667250438
3 0.0775 0.01926444833625219 0.055 0.03852889667250438
3 0.01375 0.01926444833625219 0.0275 0.03852889667250438
3 0.01375 0.01926444833625219 0.02625 0.03852889667250438
3 0.01375 0.01926444833625219 0.02625 0.03852889667250438
3 0.01375 0.01926444833625219 0.02625 0.03852889667250438
2 0.06 0.0840630472854641 0.12 0.1681260945709282
3 0.01125 0.014010507880910683 0.02125 0.028021015761821366
3 0.01125 0.014010507880910683 0.02125 0.028021015761821366
3 0.01125 0.014010507880910683 0.02125 0.028021015761821366
2 0.8425 0.0840630472854641 0.245 0.1681260945709282
2 0.29375 0.0840630472854641 0.24 0.1681260945709282
3 0.56 0.01926444833625219 0.05 0.03677758318739054
3 0.56 0.01926444833625219 0.05125 0.03677758318739054
3 0.86125 0.021015761821366025 0.05625 0.040280210157618214
3 0.08625 0.01926444833625219 0.055 0.03677758318739054
3 0.01375 0.01926444833625219 0.02625 0.03852889667250438
3 0.01375 0.01926444833625219 0.0275 0.03852889667250438
2 0.06 0.0840630472854641 0.12 0.1681260945709282
2 0.06 0.0840630472854641 0.12 0.1681260945709282
3 0.22625 0.01926444833625219 0.055 0.03852889667250438
4 0.00625 0.0070052539404553416 0.01125 0.012259194395796848
4 0.005 0.008756567425569177 0.00875 0.01576182136602452
5 0.00625 0.008756567425569177 0.01125 0.01576182136602452
5 0.00625 0.008756567425569177 0.01125 0.01576182136602452
5 0.00625 0.008756567425569177 0.01125 0.01576182136602452
5 0.00625 0.0070052539404553416 0.01125 0.014010507880910683
5 0.00625 0.0070052539404553416 0.01125 0.014010507880910683
5 0.00625 0.008756567425569177 0.01125 0.01576182136602452
5 0.00625 0.008756567425569177 0.01125 0.01576182136602452
5 0.00625 0.008756567425569177 0.01125 0.01576182136602452
5 0.005 0.0070052539404553416 0.01 0.014010507880910683
6 0.46125 0.010507880910683012 0.0275 0.01926444833625219
6 0.6725 0.010507880910683012 0.0275 0.01926444833625219
5 0.735 0.008756567425569177 0.02625 0.01576182136602452
5 0.5775 0.008756567425569177 0.02375 0.01576182136602452
5 0.39125 0.010507880910683012 0.03125 0.021015761821366025
6 0.35625 0.010507880910683012 0.02875 0.01926444833625219
5 0.13625 0.008756567425569177 0.02375 0.01576182136602452
5 0.285 0.008756567425569177 0.02375 0.01576182136602452
6 0.21125 0.010507880910683012 0.02875 0.01926444833625219
4 0.005 0.008756567425569177 0.00875 0.01576182136602452
4 0.025 0.0070052539404553416 0.02375 0.012259194395796848
5 0.005 0.0070052539404553416 0.00875 0.014010507880910683
5 0.005 0.0070052539404553416 0.00875 0.014010507880910683
4 0.02625 0.0070052539404553416 0.025 0.012259194395796848
5 0.005 0.008756567425569177 0.00875 0.01576182136602452
5 0.005 0.0070052539404553416 0.01 0.014010507880910683
6 0.0075 0.010507880910683012 0.01375 0.021015761821366025
6 0.0075 0.010507880910683012 0.01375 0.01926444833625219
5 0.00625 0.008756567425569177 0.01125 0.01576182136602452
5 0.00625 0.008756567425569177 0.01125 0.01576182136602452
5 0.00625 0.008756567425569177 0.01125 0.017513134851138354
5 0.00625 0.010507880910683012 0.0125 0.01926444833625219
5 0.00625 0.008756567425569177 0.01125 0.01576182136602452
5 0.00625 0.008756567425569177 0.01125 0.01576182136602452
5 0.00625 0.008756567425569177 0.0125 0.017513134851138354
5 0.0075 0.010507880910683012 0.01375 0.021015761821366025
5 0.00625 0.010507880910683012 0.0125 0.01926444833625219
5 0.0075 0.008756567425569177 0.01375 0.017513134851138354
7 0.00375 0.012259194395796848 0.00625 0.024518388791593695
7 0.0025 0.014010507880910683 0.005 0.028021015761821366
8 0.90375 0.008756567425569177 0.03625 0.017513134851138354
8 0.90375 0.008756567425569177 0.0375 0.017513134851138354
10 0.9125 0.008756567425569177 0.055 0.01576182136602452
10 0.00625 0.01926444833625219 0.0125 0.03677758318739054
10 0.01375 0.010507880910683012 0.0275 0.021015761821366025
10 0.015 0.008756567425569177 0.03 0.017513134851138354
3 0.01125 0.014010507880910683 0.02125 0.028021015761821366
7 0.00375 0.0035026269702276708 0.0075 0.0070052539404553416
7 0.0075 0.0035026269702276708 0.01375 0.0070052539404553416
7 0.0075 0.0035026269702276708 0.015 0.0070052539404553416
7 0.00625 0.005253940455341506 0.0125 0.008756567425569177
7 0.00625 0.0035026269702276708 0.01125 0.0070052539404553416
7 0.0075 0.0035026269702276708 0.015 0.005253940455341506
5 0.00625 0.008756567425569177 0.01125 0.017513134851138354
5 0.00625 0.008756567425569177 0.0125 0.017513134851138354
5 0.00625 0.008756567425569177 0.0125 0.017513134851138354
10 0.01375 0.008756567425569177 0.0275 0.01576182136602452
5 0.00625 0.008756567425569177 0.01125 0.01576182136602452
10 0.00625 0.01576182136602452 0.0125 0.03152364273204904
0 0.0075 0.021015761821366025 0.015 0.040280210157618214
6 0.0075 0.010507880910683012 0.015 0.021015761821366025
5 0.00625 0.008756567425569177 0.0125 0.017513134851138354
1 0.0075 0.010507880910683012 0.015 0.021015761821366025
0 0.0075 0.021015761821366025 0.015 0.04203152364273205
1 0.9175 0.012259194395796848 0.03375 0.02276707530647986