11 0.71375 0.014010507880910683 0.03875 0.028021015761821366
11 0.4475 0.014010507880910683 0.04 0.028021015761821366
11 0.44875 0.014010507880910683 0.04 0.028021015761821366
11 0.98375 0.014010507880910683 0.0325 0.028021015761821366
11 0.98375 0.014010507880910683 0.0325 0.028021015761821366
11 0.44875 0.014010507880910683 0.04 0.02626970227670753
11 0.25125 0.014010507880910683 0.04 0.02626970227670753
11 0.30625 0.014010507880910683 0.04 0.028021015761821366
11 0.6225 0.014010507880910683 0.03875 0.02626970227670753
11 0.8575 0.014010507880910683 0.03875 0.02626970227670753
11 0.30625 0.014010507880910683 0.04 0.02626970227670753
11 0.6225 0.014010507880910683 0.04125 0.028021015761821366
11 0.8575 0.014010507880910683 0.04 0.02626970227670753
11 0.565 0.014010507880910683 0.04 0.028021015761821366
11 0.3675 0.014010507880910683 0.04 0.028021015761821366
11 0.85625 0.014010507880910683 0.03875 0.028021015761821366
11 0.4275 0.014010507880910683 0.04 0.028021015761821366
11 0.28125 0.012259194395796848 0.0375 0.024518388791593695
11 0.71625 0.014010507880910683 0.03625 0.02626970227670753
11 0.76125 0.014010507880910683 0.03875 0.02626970227670753
11 0.4925 0.014010507880910683 0.03625 0.02626970227670753
11 0.6175 0.014010507880910683 0.03625 0.02626970227670753
11 0.00875 0.014010507880910683 0.0175 0.02626970227670753
11 0.1425 0.012259194395796848 0.035 0.024518388791593695
11 0.13 0.012259194395796848 0.03625 0.024518388791593695
11 0.00875 0.012259194395796848 0.0175 0.024518388791593695
7 0.7825 0.0035026269702276708 0.0375 0.005253940455341506
7 0.7825 0.0035026269702276708 0.0375 0.005253940455341506
7 0.78375 0.0035026269702276708 0.03875 0.0070052539404553416
7 0.72875 0.0035026269702276708 0.0375 0.005253940455341506
7 0.72875 0.0035026269702276708 0.0375 0.005253940455341506
7 0.72875 0.0035026269702276708 0.0375 0.005253940455341506
7 0.72875 0.0035026269702276708 0.0375 0.005253940455341506
7 0.72875 0.0035026269702276708 0.03875 0.005253940455341506
7 0.72875 0.0035026269702276708 0.0375 0.005253940455341506
7 0.7825 0.0035026269702276708 0.0375 0.005253940455341506
7 0.78375 0.0035026269702276708 0.03625 0.005253940455341506
7 0.62625 0.012259194395796848 0.01 0.02276707530647986
7 0.835 0.012259194395796848 0.01125 0.024518388791593695
7 0.4875 0.008756567425569177 0.02375 0.01576182136602452
7 0.93375 0.0035026269702276708 0.04 0.005253940455341506
7 0.98375 0.0035026269702276708 0.03125 0.005253940455341506
7 0.98375 0.0035026269702276708 0.03125 0.005253940455341506
7 0.98375 0.0035026269702276708 0.03125 0.0070052539404553416
4 0.93 0.0070052539404553416 0.02375 0.012259194395796848
4 0.64625 0.008756567425569177 0.02 0.01576182136602452
4 0.1925 0.0070052539404553416 0.02375 0.012259194395796848
4 0.73625 0.0070052539404553416 0.02625 0.012259194395796848
4 0.775 0.005253940455341506 0.02375 0.010507880910683012
4 0.52 0.008756567425569177 0.02 0.01576182136602452
4 0.1925 0.0070052539404553416 0.02375 0.014010507880910683
4 0.5075 0.008756567425569177 0.02 0.01576182136602452
4 0.1925 0.0070052539404553416 0.02375 0.012259194395796848
4 0.1925 0.0070052539404553416 0.02375 0.012259194395796848
4 0.1925 0.005253940455341506 0.02375 0.010507880910683012
4 0.47875 0.008756567425569177 0.02 0.01576182136602452
4 0.915 0.008756567425569177 0.02125 0.01576182136602452
3 0.60625 0.01926444833625219 0.055 0.03852889667250438
2 0.7175 0.0840630472854641 0.24 0.1681260945709282
3 0.99375 0.014010507880910683 0.01125 0.028021015761821366
4 0.94125 0.0070052539404553416 0.02375 0.012259194395796848
4 0.3925 0.008756567425569177 0.02 0.01576182136602452
5 0.9775 0.008756567425569177 0.02375 0.01576182136602452
5 0.97875 0.008756567425569177 0.02375 0.01576182136602452
6 0.685 0.010507880910683012 0.03 0.021015761821366025
6 0.89375 0.010507880910683012 0.02875 0.01926444833625219
5 0.98 0.008756567425569177 0.02375 0.01576182136602452
5 0.98 0.008756567425569177 0.02375 0.01576182136602452
5 0.98 0.008756567425569177 0.02625 0.017513134851138354
5 0.9775 0.010507880910683012 0.0275 0.01926444833625219
5 0.94125 0.008756567425569177 0.0275 0.017513134851138354
10 0.885 0.010507880910683012 0.0575 0.021015761821366025
10 0.91125 0.008756567425569177 0.06 0.017513134851138354
10 0.1425 0.01576182136602452 0.02625 0.03152364273204904
0 0.14125 0.021015761821366025 0.03125 0.040280210157618214
6 0.63375 0.010507880910683012 0.03 0.021015761821366025
5 0.47625 0.008756567425569177 0.0275 0.017513134851138354
1 0.71125 0.010507880910683012 0.0325 0.021015761821366025
0 0.98125 0.021015761821366025 0.03125 0.04203152364273205