11 0.4475 0.014010507880910683 0.04 0.028021015761821366
11 0.44875 0.23642732049036777 0.04 0.05779334500875657
11 0.98375 0.23642732049036777 0.0325 0.05779334500875657
11 0.98375 0.014010507880910683 0.0325 0.028021015761821366
11 0.44875 0.7250437828371279 0.04 0.0542907180385289
4 0.5075 0.98861646234676 0.02 0.02276707530647986
4 0.1925 0.7355516637478109 0.025 0.02626970227670753
4 0.1925 0.16637478108581435 0.02375 0.02626970227670753
4 0.1925 0.005253940455341506 0.02375 0.010507880910683012
4 0.47875 0.008756567425569177 0.02 0.01576182136602452
4 0.915 0.008756567425569177 0.02125 0.01576182136602452
2 0.7175 0.2329246935201401 0.24 0.3380035026269702
3 0.99375 0.7320490367775832 0.01125 0.05604203152364273
5 0.94125 0.7635726795096323 0.0275 0.03852889667250438
10 0.14375 0.13485113835376533 0.02625 0.0647985989492119
0 0.14125 0.021015761821366025 0.03125 0.040280210157618214
6 0.63375 0.9001751313485113 0.03 0.04203152364273205