11 0.73625 0.014010507880910683 0.04125 0.028021015761821366
11 0.73625 0.014010507880910683 0.04125 0.028021015761821366
11 0.73625 0.1085814360770578 0.04125 0.06129597197898424
11 0.3175 0.08056042031523643 0.04125 0.05779334500875657
5 0.5 0.09982486865148861 0.0275 0.040280210157618214
11 0.35 0.014010507880910683 0.04125 0.028021015761821366
11 0.35 0.014010507880910683 0.04125 0.028021015761821366
11 0.16375 0.014010507880910683 0.04 0.028021015761821366
4 0.24625 0.0070052539404553416 0.025 0.014010507880910683
4 0.30125 0.008756567425569177 0.02125 0.01576182136602452
5 0.5775 0.008756567425569177 0.02625 0.01576182136602452
11 0.07375 0.014010507880910683 0.04 0.028021015761821366
4 0.0975 0.0070052539404553416 0.02375 0.014010507880910683
11 0.325 0.8493870402802102 0.03875 0.05604203152364273
11 0.075 0.563922942206655 0.04 0.05779334500875657
11 0.99125 0.9001751313485113 0.0175 0.05604203152364273
11 0.68125 0.9001751313485113 0.04125 0.05779334500875657
11 0.6325 0.5604203152364273 0.04125 0.05604203152364273
11 0.8775 0.014010507880910683 0.04125 0.028021015761821366
11 0.87875 0.014010507880910683 0.04 0.028021015761821366
11 0.73 0.014010507880910683 0.04125 0.028021015761821366
11 0.73125 0.01576182136602452 0.0425 0.0297723292469352
11 0.20375 0.014010507880910683 0.04125 0.028021015761821366
11 0.2025 0.014010507880910683 0.04125 0.028021015761821366
11 0.01 0.014010507880910683 0.01875 0.028021015761821366
11 0.01 0.014010507880910683 0.02 0.028021015761821366
11 0.01 0.014010507880910683 0.02 0.028021015761821366
11 0.01 0.014010507880910683 0.02 0.028021015761821366
11 0.01 0.014010507880910683 0.02 0.028021015761821366
11 0.01 0.014010507880910683 0.02 0.028021015761821366
11 0.01 0.014010507880910683 0.02 0.02626970227670753
11 0.01 0.014010507880910683 0.02 0.028021015761821366
11 0.01 0.014010507880910683 0.02 0.028021015761821366
11 0.01 0.014010507880910683 0.02 0.028021015761821366
11 0.01 0.014010507880910683 0.02 0.028021015761821366
11 0.01 0.014010507880910683 0.02 0.028021015761821366
11 0.01 0.014010507880910683 0.02 0.02626970227670753
11 0.01 0.6830122591943958 0.01875 0.05779334500875657
11 0.01 0.014010507880910683 0.02 0.028021015761821366
11 0.01 0.014010507880910683 0.02 0.028021015761821366
11 0.01 0.014010507880910683 0.01875 0.028021015761821366
11 0.01 0.014010507880910683 0.02 0.028021015761821366
11 0.01 0.014010507880910683 0.02 0.02626970227670753
11 0.01 0.014010507880910683 0.02 0.02626970227670753
11 0.01 0.014010507880910683 0.02 0.028021015761821366
11 0.01 0.014010507880910683 0.01875 0.02626970227670753
11 0.01 0.014010507880910683 0.01875 0.02626970227670753
11 0.01 0.03327495621716287 0.02 0.05253940455341506
11 0.01 0.03327495621716287 0.02 0.05779334500875657
11 0.01 0.07355516637478109 0.01875 0.0542907180385289
11 0.01 0.3397548161120841 0.02 0.05779334500875657
11 0.01 0.28896672504378285 0.02 0.05604203152364273
11 0.01 0.8493870402802102 0.01875 0.05604203152364273
11 0.01 0.8126094570928196 0.02 0.05604203152364273
11 0.00875 0.9947460595446584 0.0175 0.010507880910683012
11 0.00875 0.4763572679509632 0.0175 0.050788091068301226
11 0.00875 0.8038528896672504 0.0175 0.05253940455341506
11 0.00875 0.7513134851138353 0.0175 0.050788091068301226
7 0.01 0.0035026269702276708 0.01875 0.005253940455341506
7 0.01 0.0035026269702276708 0.01875 0.005253940455341506
7 0.01 0.0035026269702276708 0.01875 0.005253940455341506
7 0.01 0.0035026269702276708 0.01875 0.005253940455341506
7 0.01 0.0035026269702276708 0.01875 0.005253940455341506
7 0.01 0.0035026269702276708 0.01875 0.005253940455341506
7 0.0025 0.012259194395796848 0.00375 0.024518388791593695
7 0.0025 0.014010507880910683 0.00375 0.02626970227670753
7 0.0025 0.012259194395796848 0.00375 0.024518388791593695
7 0.01 0.10507880910683012 0.01875 0.014010507880910683
7 0.01 0.0035026269702276708 0.01875 0.005253940455341506
7 0.00875 0.0035026269702276708 0.0175 0.005253940455341506
7 0.01 0.0035026269702276708 0.01875 0.0070052539404553416
7 0.01 0.0035026269702276708 0.01875 0.005253940455341506
7 0.01 0.0035026269702276708 0.01875 0.005253940455341506
7 0.01 0.0035026269702276708 0.01875 0.005253940455341506
7 0.01 0.0035026269702276708 0.01875 0.005253940455341506
7 0.01 0.0035026269702276708 0.01875 0.005253940455341506
7 0.01 0.0035026269702276708 0.01875 0.005253940455341506
7 0.01 0.0035026269702276708 0.01875 0.005253940455341506
7 0.00875 0.0035026269702276708 0.0175 0.005253940455341506
7 0.0025 0.2574430823117338 0.00375 0.04903677758318739
7 0.01 0.0035026269702276708 0.01875 0.005253940455341506
7 0.0025 0.012259194395796848 0.00375 0.024518388791593695
7 0.0025 0.012259194395796848 0.00375 0.024518388791593695
7 0.00875 0.0035026269702276708 0.0175 0.005253940455341506
7 0.01 0.0035026269702276708 0.01875 0.005253940455341506
7 0.01 0.0035026269702276708 0.01875 0.0070052539404553416
7 0.0025 0.9702276707530648 0.00375 0.0542907180385289
7 0.0025 0.9702276707530648 0.00375 0.0542907180385289
7 0.0025 0.014010507880910683 0.00375 0.02626970227670753
7 0.0025 0.014010507880910683 0.00375 0.02626970227670753
7 0.0025 0.014010507880910683 0.00375 0.02626970227670753
7 0.00375 0.014010507880910683 0.0075 0.02626970227670753
7 0.01625 0.012259194395796848 0.01 0.024518388791593695
7 0.0025 0.012259194395796848 0.00375 0.024518388791593695
7 0.0025 0.012259194395796848 0.00375 0.02276707530647986
7 0.12375 0.012259194395796848 0.01 0.02276707530647986
7 0.09125 0.7285464098073555 0.01 0.0542907180385289
7 0.0025 0.9719789842381786 0.00375 0.05253940455341506
7 0.01125 0.9719789842381786 0.01 0.05253940455341506
7 0.89625 0.649737302977233 0.01 0.0542907180385289
7 0.91 0.649737302977233 0.01 0.0542907180385289
7 0.9225 0.649737302977233 0.01 0.05253940455341506
7 0.5625 0.6549912434325744 0.01 0.04203152364273205
7 0.94875 0.010507880910683012 0.01125 0.021015761821366025
7 0.96125 0.010507880910683012 0.01 0.021015761821366025
7 0.96 0.010507880910683012 0.01125 0.021015761821366025
7 0.9725 0.010507880910683012 0.01125 0.021015761821366025
7 0.80625 0.012259194395796848 0.01 0.02276707530647986
7 0.82 0.012259194395796848 0.01 0.02276707530647986
7 0.8325 0.012259194395796848 0.01 0.02276707530647986
7 0.825 0.012259194395796848 0.00875 0.02276707530647986
7 0.8375 0.012259194395796848 0.01 0.02276707530647986
7 0.7825 0.012259194395796848 0.01 0.024518388791593695
7 0.79625 0.012259194395796848 0.01 0.024518388791593695
7 0.13875 0.012259194395796848 0.01 0.024518388791593695
7 0.15125 0.012259194395796848 0.00875 0.024518388791593695
7 0.29875 0.6514886164623468 0.01 0.05253940455341506
7 0.3125 0.6514886164623468 0.01 0.05253940455341506
7 0.40125 0.9719789842381786 0.00875 0.050788091068301226
7 0.48625 0.9702276707530648 0.01 0.05253940455341506
7 0.5 0.9719789842381786 0.00875 0.050788091068301226
7 0.5125 0.9719789842381786 0.00875 0.050788091068301226
7 0.49 0.0035026269702276708 0.035 0.005253940455341506
7 0.2475 0.012259194395796848 0.01 0.024518388791593695
7 0.26 0.012259194395796848 0.00875 0.024518388791593695
7 0.27375 0.012259194395796848 0.00875 0.024518388791593695
7 0.24625 0.012259194395796848 0.00875 0.02276707530647986
3 0.91 0.014010507880910683 0.0425 0.02626970227670753
4 0.005 0.9807355516637478 0.00875 0.03327495621716287
4 0.005 0.9807355516637478 0.00875 0.03152364273204904
7 0.0025 0.9702276707530648 0.005 0.0542907180385289
7 0.0025 0.9702276707530648 0.005 0.0542907180385289
7 0.0025 0.9702276707530648 0.00375 0.05253940455341506
7 0.0025 0.9702276707530648 0.00375 0.05253940455341506
7 0.0025 0.9702276707530648 0.00375 0.0542907180385289
4 0.17375 0.9824868651488616 0.01875 0.03327495621716287
4 0.09875 0.637478108581436 0.025 0.028021015761821366
4 0.00625 0.29071803852889666 0.01125 0.02626970227670753
4 0.54375 0.7162872154115587 0.01875 0.03152364273204904
1 0.99375 0.5288966725043783 0.01125 0.047285464098073555
4 0.005 0.19264448336252188 0.00875 0.03327495621716287
4 0.00625 0.10683012259194395 0.01125 0.02626970227670753
4 0.00625 0.0070052539404553416 0.01125 0.012259194395796848
4 0.00625 0.005253940455341506 0.01125 0.010507880910683012
4 0.005 0.008756567425569177 0.00875 0.01576182136602452
4 0.00625 0.0070052539404553416 0.01125 0.014010507880910683
4 0.005 0.008756567425569177 0.00875 0.01576182136602452
4 0.00625 0.0070052539404553416 0.01125 0.012259194395796848
4 0.00625 0.0070052539404553416 0.01125 0.012259194395796848
4 0.00625 0.005253940455341506 0.01125 0.010507880910683012
4 0.005 0.008756567425569177 0.00875 0.01576182136602452
4 0.005 0.008756567425569177 0.01 0.01576182136602452
4 0.00625 0.0070052539404553416 0.01125 0.012259194395796848
4 0.00625 0.0070052539404553416 0.01125 0.012259194395796848
3 0.83625 0.3712784588441331 0.055 0.07705779334500876
3 0.01375 0.01926444833625219 0.02625 0.03852889667250438
2 0.06 0.0840630472854641 0.12 0.1681260945709282
3 0.01125 0.014010507880910683 0.02125 0.028021015761821366
3 0.01125 0.014010507880910683 0.02125 0.028021015761821366
3 0.01125 0.014010507880910683 0.02125 0.028021015761821366
3 0.56125 0.1085814360770578 0.05 0.07530647985989491
3 0.56 0.01926444833625219 0.05125 0.03677758318739054
3 0.86125 0.021015761821366025 0.05625 0.040280210157618214
3 0.08625 0.01926444833625219 0.055 0.03677758318739054
3 0.01375 0.01926444833625219 0.02625 0.03852889667250438
3 0.01375 0.01926444833625219 0.0275 0.03852889667250438
2 0.06 0.0840630472854641 0.12 0.1681260945709282
2 0.06 0.0840630472854641 0.12 0.1681260945709282
3 0.2275 0.36777583187390545 0.05375 0.07705779334500876
4 0.00625 0.6024518388791593 0.01125 0.028021015761821366
4 0.005 0.3380035026269702 0.00875 0.03327495621716287
5 0.73625 0.38353765323992994 0.02625 0.03327495621716287
5 0.5775 0.2819614711033275 0.0225 0.03152364273204904
5 0.3925 0.5253940455341506 0.0325 0.04553415061295972
6 0.35625 0.7565674255691769 0.02875 0.040280210157618214
5 0.1375 0.3922942206654991 0.02375 0.03502626970227671
5 0.285 0.008756567425569177 0.02375 0.01576182136602452
6 0.21125 0.010507880910683012 0.02875 0.01926444833625219
4 0.005 0.008756567425569177 0.00875 0.01576182136602452
4 0.025 0.0070052539404553416 0.02375 0.012259194395796848
5 0.005 0.0070052539404553416 0.00875 0.014010507880910683
5 0.005 0.0070052539404553416 0.00875 0.014010507880910683
4 0.02625 0.0070052539404553416 0.025 0.012259194395796848
5 0.005 0.008756567425569177 0.00875 0.01576182136602452
5 0.005 0.0070052539404553416 0.01 0.014010507880910683
6 0.0075 0.010507880910683012 0.01375 0.021015761821366025
6 0.0075 0.010507880910683012 0.01375 0.01926444833625219
5 0.00625 0.010507880910683012 0.01125 0.021015761821366025
5 0.00625 0.008756567425569177 0.01125 0.01576182136602452
5 0.00625 0.4203152364273205 0.01125 0.03677758318739054
5 0.00625 0.008756567425569177 0.01125 0.01576182136602452
5 0.00625 0.008756567425569177 0.0125 0.017513134851138354
5 0.0075 0.1190893169877408 0.01375 0.043782837127845885
5 0.00625 0.010507880910683012 0.0125 0.01926444833625219
5 0.0075 0.6987740805604203 0.01375 0.03852889667250438
7 0.00375 0.012259194395796848 0.00625 0.024518388791593695
7 0.0025 0.014010507880910683 0.005 0.028021015761821366
8 0.90375 0.008756567425569177 0.03625 0.017513134851138354
8 0.90375 0.008756567425569177 0.0375 0.017513134851138354
10 0.9125 0.008756567425569177 0.055 0.01576182136602452
5 0.00625 0.008756567425569177 0.01125 0.017513134851138354
5 0.00625 0.008756567425569177 0.0125 0.017513134851138354
5 0.00625 0.008756567425569177 0.0125 0.017513134851138354
10 0.01375 0.008756567425569177 0.0275 0.01576182136602452
10 0.00625 0.01576182136602452 0.0125 0.03152364273204904
0 0.0075 0.021015761821366025 0.015 0.040280210157618214
6 0.0075 0.010507880910683012 0.015 0.021015761821366025
5 0.00625 0.3397548161120841 0.0125 0.03852889667250438
1 0.0075 0.6217162872154116 0.015 0.04553415061295972
0 0.0075 0.5901926444833625 0.015 0.08581436077057793
1 0.9175 0.012259194395796848 0.03375 0.02276707530647986