11 0.715 0.6847635726795096 0.03875 0.05779334500875657
11 0.4475 0.014010507880910683 0.04 0.028021015761821366
11 0.44875 0.014010507880910683 0.04 0.028021015761821366
11 0.98375 0.014010507880910683 0.0325 0.028021015761821366
11 0.98375 0.014010507880910683 0.0325 0.028021015761821366
11 0.44875 0.014010507880910683 0.04 0.02626970227670753
11 0.25125 0.014010507880910683 0.04 0.02626970227670753
11 0.30625 0.014010507880910683 0.04 0.028021015761821366
11 0.6225 0.014010507880910683 0.03875 0.02626970227670753
11 0.8575 0.014010507880910683 0.03875 0.02626970227670753
11 0.3075 0.03327495621716287 0.04 0.05253940455341506
11 0.6225 0.03502626970227671 0.04125 0.05779334500875657
11 0.85875 0.07355516637478109 0.03875 0.0542907180385289
11 0.565 0.3397548161120841 0.04 0.05779334500875657
11 0.3675 0.28896672504378285 0.04 0.05604203152364273
11 0.8575 0.8493870402802102 0.03875 0.05604203152364273
11 0.4275 0.8126094570928196 0.04 0.05604203152364273
11 0.28125 0.9947460595446584 0.0375 0.010507880910683012
11 0.14375 0.47810858143607704 0.03625 0.050788091068301226
11 0.13125 0.8056042031523643 0.03625 0.05253940455341506
11 0.00875 0.7513134851138353 0.0175 0.050788091068301226
7 0.7825 0.0035026269702276708 0.0375 0.005253940455341506
7 0.7825 0.0035026269702276708 0.0375 0.005253940455341506
7 0.78375 0.0035026269702276708 0.03875 0.0070052539404553416
7 0.72875 0.0035026269702276708 0.0375 0.005253940455341506
7 0.72875 0.0035026269702276708 0.0375 0.005253940455341506
7 0.72875 0.0035026269702276708 0.0375 0.005253940455341506
7 0.72875 0.0035026269702276708 0.0375 0.005253940455341506
7 0.72875 0.0035026269702276708 0.03875 0.005253940455341506
7 0.72875 0.0035026269702276708 0.0375 0.005253940455341506
7 0.7825 0.0035026269702276708 0.0375 0.005253940455341506
7 0.78375 0.0035026269702276708 0.03625 0.005253940455341506
7 0.62625 0.2574430823117338 0.00875 0.04903677758318739
7 0.93375 0.0035026269702276708 0.04 0.005253940455341506
7 0.98375 0.0035026269702276708 0.03125 0.005253940455341506
7 0.98375 0.0035026269702276708 0.03125 0.005253940455341506
7 0.98375 0.0035026269702276708 0.03125 0.0070052539404553416
4 0.6475 0.19439579684763572 0.02 0.03327495621716287
4 0.1925 0.10683012259194395 0.02375 0.02626970227670753
4 0.73625 0.0070052539404553416 0.02625 0.012259194395796848
4 0.775 0.005253940455341506 0.02375 0.010507880910683012
4 0.52 0.008756567425569177 0.02 0.01576182136602452
4 0.1925 0.0070052539404553416 0.02375 0.014010507880910683
4 0.5075 0.008756567425569177 0.02 0.01576182136602452
4 0.1925 0.0070052539404553416 0.02375 0.012259194395796848
4 0.1925 0.0070052539404553416 0.02375 0.012259194395796848
4 0.1925 0.005253940455341506 0.02375 0.010507880910683012
4 0.47875 0.008756567425569177 0.02 0.01576182136602452
4 0.915 0.008756567425569177 0.02125 0.01576182136602452
3 0.60625 0.01926444833625219 0.055 0.03852889667250438
2 0.7175 0.0840630472854641 0.24 0.1681260945709282
3 0.99375 0.014010507880910683 0.01125 0.028021015761821366
4 0.94125 0.6024518388791593 0.025 0.028021015761821366
4 0.39375 0.3380035026269702 0.01875 0.03327495621716287
5 0.023696389999999998 1 0.02522097375 0.9979587005253941 0.00764016625 0.9725300192644484 0 0.9835471506129597 0 1 0.023696389999999998 1
6 0.685 0.010507880910683012 0.03 0.021015761821366025
6 0.89375 0.010507880910683012 0.02875 0.01926444833625219
5 0.98 0.010507880910683012 0.02375 0.021015761821366025
5 0.98 0.008756567425569177 0.02375 0.01576182136602452
5 0.98 0.4220665499124343 0.02625 0.03677758318739054
5 0.94125 0.008756567425569177 0.0275 0.017513134851138354
5 0.13899099625 0.6944819702276707 0.15618072625 0.7191539824868652 0.1746212825 0.6922872469352014 0.15741220625 0.6693457898423818 0.13899099625 0.6944819702276707
7 0.15989035124999998 0.6647942311733801 0.18267342625000002 0.6984777950963222 0.19351389624999998 0.6838910297723293 0.16992181124999997 0.6536400192644484 0.15989035124999998 0.6647942311733801
7 0.18522270249999997 0.6473060630472854 0.1758551375 0.66194746234676 0.19357996125 0.6847173975481611 0.2038609775 0.6724263712784588 0.18522270249999997 0.6473060630472854
7 0.31933832875 0.46340633099824863 0.310249605 0.47934752714535905 0.326777495 0.499263122591944 0.3359143375 0.4871804605954466 0.31933832875 0.46340633099824863
7 0.31451616875 0.24496620140105077 0.31464363 0.2287432609457093 0.2934647925 0.2292734570928196 0.2934647925 0.24591068301225918 0.31451616875 0.24496620140105077
10 0.213244165 0.30502649036777585 0.19687155374999998 0.3318569439579685 0.2392450225 0.3810930402802102 0.2556449625 0.3591804465849387 0.213244165 0.30502649036777585
5 0.40902233375 0.498872061295972 0.42671501874999995 0.4732340595446585 0.4074035225 0.44999928546409806 0.39102851375000003 0.473433584938704 0.40902233375 0.498872061295972
5 0.53432264375 0.6734323380035026 0.55055893375 0.6496728861646235 0.532456015 0.6245595481611208 0.516297995 0.6479988563922942 0.53432264375 0.6734323380035026
5 0.6603710037499999 0.7998604518388792 0.6412172574999999 0.8261725796847637 0.65864218625 0.8491787548161122 0.6766091525 0.8258393922942207 0.6603710037499999 0.7998604518388792
5 0.6074924374999999 0.6490899089316987 0.58918577375 0.6749200665499124 0.6081582425 0.7030794781085814 0.6270821462499999 0.6772814203152364 0.6074924374999999 0.6490899089316987
10 0.1425 0.01576182136602452 0.02625 0.03152364273204904
0 0.14125 0.021015761821366025 0.03125 0.040280210157618214
6 0.63375 0.010507880910683012 0.03 0.021015761821366025
5 0.47625 0.3397548161120841 0.02625 0.03677758318739054
1 0.71125 0.6234676007005254 0.03375 0.04553415061295972
0 0.9825 0.5919439579684763 0.03125 0.08581436077057793