11 0.1703125 0.22734375 0.05234375 0.05234375
11 0.17109375 0.50078125 0.053125 0.05390625
11 0.17109375 0.77578125 0.05234375 0.0546875
11 0.609375 0.16171875 0.05234375 0.03671875
11 0.66953125 0.43828125 0.05078125 0.05
11 0.66953125 0.77578125 0.05078125 0.05078125
7 0.43671875 0.2921875 0.0140625 0.04140625
7 0.453125 0.2921875 0.0125 0.0390625
7 0.45078125 0.2296875 0.0140625 0.03828125
7 0.46640625 0.2265625 0.01484375 0.040625
3 0.38828125 0.60625 0.053125 0.0484375
1 0.396875 0.35234375 0.0421875 0.0421875
1 0.55859375 0.1578125 0.0421875 0.0296875