11 0.39296875 0.575 0.0484375 0.05234375
11 0.20703125 0.2671875 0.05078125 0.0515625
11 0.57109375 0.72265625 0.04921875 0.05078125
11 0.03515625 0.68984375 0.05 0.05078125
7 0.28359375 0.19453125 0.01171875 0.04453125
7 0.83203125 0.83046875 0.01171875 0.0484375
7 0.8484375 0.83125 0.01171875 0.0484375
4 0.3078125 0.14765625 0.025 0.009375
4 0.6765625 0.50234375 0.03125 0.025
4 0.0015625 0.265625 0.003125 0.03046875
5 0.725 0.340625 0.0328125 0.0328125
5 0 0.398104725 0.011277917968749999 0.40948473828125 0.0333937734375 0.38661083359375004 0.00925440390625 0.36588105859375003 0 0.37533395703125 0 0.398104725
5 0.1679033046875 0.5652252359375 0.18819866796875 0.5440273484375 0.16557001875 0.52162154296875 0.14537249375 0.5425338015625 0.1679033046875 0.5652252359375
5 0.3254637546875 0.67802281796875 0.30152157265625 0.7014981703125 0.32330273359375 0.72202399140625 0.34576144062499997 0.70120090390625 0.3254637546875 0.67802281796875
5 0.25936554609375 0.543507225 0.23648221640624997 0.5665525687499999 0.26019780390624997 0.5916760437499999 0.28385268359375 0.5686593390625 0.25936554609375 0.543507225
5 0.0953125 0.26796875 0.03359375 0.03359375
1 0.3890625 0.52109375 0.0421875 0.040625
0 0.72734375 0.4921875 0.0390625 0.0765625