11 0.946875 0.57109375 0.05 0.05078125
11 0.94609375 0.28359375 0.05 0.05078125
11 0.3953125 0.32421875 0.046875 0.04765625
11 0.45234375 0.4953125 0.04921875 0.04921875
11 0.11640625 0.60703125 0.04609375 0.04765625
11 0.9578125 0.7421875 0.05078125 0.05078125
11 0.27265625 0.809375 0.04609375 0.04765625
7 0.54453125 0.38046875 0.01328125 0.0453125
7 0.1109375 0.81171875 0.0296875 0.03203125
7 0.840625 0.20390625 0.01328125 0.0484375
7 0.85703125 0.2046875 0.0125 0.04921875
7 0.875 0.78125 0.01171875 0.0484375
7 0.89140625 0.78203125 0.0125 0.046875
7 0.07182826640625 0.8385411250000001 0.053813185937499994 0.8572544640625 0.07579593203125 0.8572544640625 0.0821023765625 0.85007974140625 0.07182826640625 0.8385411250000001
7 0.08430050156249999 0.8531752140625001 0.08230494375 0.8498492843750001 0.0821023765625 0.85007974140625 0.08263753671875 0.8506807664062499 0.08430050156249999 0.8531752140625001
7 0.08028049765625 0.8572544640625 0.09018356875 0.8572544640625 0.0854645765625 0.8520111390625 0.08028049765625 0.8572544640625
7 0.265476190625 0.6385639882812499 0.29916666640625 0.67284970234375 0.31083333359375 0.6607068453125 0.274523809375 0.63082589296875 0.265476190625 0.6385639882812499
7 0.29726190468749997 0.6751116070312501 0.2632142859375 0.64142113125 0.25392857109375 0.6535639882812501 0.28940476171874996 0.68261160703125 0.29726190468749997 0.6751116070312501
4 0.6640625 0.49375 0.03046875 0.0234375
5 0.72265625 0.68125 0.0296875 0.02890625
5 0.72421875 0.4828125 0.0296875 0.03125
5 0.80234375 0.79140625 0.0296875 0.0296875
4 0 0.5611939359375 0.010361422656249999 0.55140449375 0.0182786609375 0.54408773828125 0 0.52775248671875 0 0.5611939359375
7 0.10798791328124999 0.315156840625 0.14301916640625 0.3521098734375 0.152923084375 0.3413426734375 0.11949519765625001 0.30554095000000003 0.10798791328124999 0.315156840625
7 0.12024405234374999 0.30501382890625 0.152170359375 0.33969904140625 0.1656880046875 0.32840304374999996 0.13586406796875 0.2948151 0.12024405234374999 0.30501382890625
7 0.31380653125 0.20611946171875 0.34759366406250003 0.24149952890624998 0.3611067953125 0.2268066234375 0.32604115703125 0.1910255359375 0.31380653125 0.20611946171875
5 0.72265625 0.26796875 0.03359375 0.0359375
5 0.99609375 0.7859375 0.00703125 0.0328125
10 0.60703125 0.70390625 0.07265625 0.04140625
10 0.640625 0.81015625 0.07578125 0.03515625