11 0.278125 0.3125 0.0484375 0.04921875
11 0.57265625 0.30546875 0.0484375 0.04921875
11 0.27890625 0.709375 0.05234375 0.0515625
11 0.5734375 0.74453125 0.0484375 0.04921875
7 0.41171875 0.61328125 0.04765625 0.01171875
7 0.41171875 0.63046875 0.0484375 0.0125
7 0.4109375 0.646875 0.0484375 0.01328125
7 0.4796875 0.6265625 0.046875 0.0125
7 0.4796875 0.64296875 0.046875 0.0125
7 0.8765625 0.196875 0.0109375 0.0453125
7 0.89375 0.19609375 0.01171875 0.04609375
4 0.3078125 0.846875 0.025 0.02109375
4 0.42109375 0.49296875 0.03203125 0.025
4 0.46953125 0.346875 0.03125 0.0234375
4 0.15078125 0.16875 0.025 0.02890625
6 0.35703125 0.459375 0.03671875 0.0375
6 0.61796875 0.59140625 0.0359375 0.03671875
5 0.725 0.68359375 0.02890625 0.03046875
5 0.725 0.534375 0.0296875 0.03125
5 0.7734375 0.14921875 0.03203125 0.01171875
5 0.99140625 0.18671875 0.0171875 0.034375