11 0.65546875 0.721875 0.04921875 0.05078125
11 0.34375 0.4671875 0.05078125 0.0515625
7 0.3640625 0.6140625 0.0125 0.04921875
7 0.2484375 0.83125 0.0125 0.046875
7 0.26484375 0.83125 0.0125 0.046875
7 0.953125 0.5484375 0.0125 0.0375
7 0.6234375 0.54609375 0.01328125 0.04765625
7 0.63984375 0.54609375 0.0125 0.046875
7 0.75234375 0.83125 0.01171875 0.0453125
7 0.85859375 0.83046875 0.0125 0.046875
7 0.875 0.83046875 0.01171875 0.0453125
7 0.89140625 0.83046875 0.01171875 0.0453125
4 0.4671875 0.840625 0.02421875 0.0296875
4 0.3734375 0.53359375 0.03125 0.025
4 0.24140625 0.225 0.03203125 0.0234375
4 0.93046875 0.60390625 0.02421875 0.02890625
3 0.534375 0.29296875 0.06796875 0.06875
5 0.97265625 0.215625 0.02890625 0.02890625
5 0.73984375 0.43359375 0.040625 0.04140625
6 0.69609375 0.63984375 0.03671875 0.03671875
5 0.42109375 0.31484375 0.0296875 0.03125