11 0.6765625 0.66796875 0.0515625 0.05
11 0.67578125 0.3171875 0.053125 0.05
11 0.3203125 0.66875 0.05078125 0.05234375
11 0.31953125 0.315625 0.05 0.05
11 0.98203125 0.26875 0.03515625 0.05078125
4 0.49453125 0.790625 0.02578125 0.03046875
4 0.8 0.7109375 0.0296875 0.02578125
4 0.80078125 0.26328125 0.03046875 0.025
4 0.19609375 0.67109375 0.0296875 0.02265625
4 0.39609375 0.19453125 0.025 0.0296875
7 0.21796875 0.20390625 0.01796875 0.0484375
1 0.9890625 0.45546875 0.02109375 0.04140625
3 0.23828125 0.8453125 0.07109375 0.0234375
3 0.878125 0.6703125 0.06640625 0.06953125
10 0.1375 0.68515625 0.034375 0.06796875
5 0.8953125 0.790625 0.0328125 0.03125