3 0.2515625 0.13984375 0.065625 0.02890625
3 0.90234375 0.13984375 0.06328125 0.0296875
5 0.996875 0.81796875 0.00625 0.028125
4 0.96015625 0.6703125 0.028125 0.0234375
4 0.96015625 0.23359375 0.02734375 0.021875
4 0.58125 0.20078125 0.02265625 0.0296875
4 0.203125 0.2765625 0.028125 0.02109375
4 0.203125 0.7421875 0.02578125 0.0203125
4 0.53984375 0.83671875 0.02109375 0.02734375
5 0.23515625 0.8703125 0.0265625 0.009375
6 0.92578125 0.87421875 0.0328125 0.0015625
5 0.1515625 0.71640625 0.025 0.0265625