11 0.93203125 0.7859375 0.04453125 0.0484375
11 0.96796875 0.2046875 0.04609375 0.05234375
6 0.884375 0.14140625 0.03046875 0.03125
4 0.76328125 0.37734375 0.0203125 0.02890625
4 0.87578125 0.3171875 0.0203125 0.02578125
4 0.83359375 0.790625 0.02578125 0.021875
11 0.10234375 0.4921875 0.04453125 0.04375
11 0.4125 0.4921875 0.0421875 0.04296875
11 0.72265625 0.4921875 0.04296875 0.04375
8 0.584375 0.81640625 0.03359375 0.03828125
8 0.9078125 0.65625 0.0390625 0.0328125
3 0.4125 0.7078125 0.046875 0.04765625