5 0.49375 0.7984375 0.0296875 0.0296875
5 0.49453125 0.6625 0.03125 0.0296875
5 0.49296875 0.52578125 0.0296875 0.034375
5 0.39765625 0.4734375 0.03046875 0.03203125
5 0.24296875 0.475 0.034375 0.0265625
5 0.5046875 0.43125 0.03203125 0.02890625
5 0.68359375 0.4328125 0.03046875 0.0296875
5 0.8375 0.4328125 0.03046875 0.03046875
4 0.5359375 0.73515625 0.02890625 0.021875
4 0.72734375 0.4765625 0.02109375 0.02578125
2 0.90234375 0.7890625 0.1953125 0.171875
4 0.24296875 0.43203125 0.02265625 0.0265625
0 0.5578125 0.43203125 0.0671875 0.03046875
11 0.1609375 0.20078125 0.0421875 0.0421875
7 0.15546875 0.31171875 0.01796875 0.0390625