5 0.8296875 0.73046875 0.028125 0.0265625
5 0.6625 0.7296875 0.02890625 0.02890625
5 0.4609375 0.7296875 0.0265625 0.0265625
5 0.36015625 0.61015625 0.0265625 0.02890625
5 0.35859375 0.45625 0.0265625 0.0265625
5 0.359375 0.30234375 0.025 0.0265625
5 0.30859375 0.33203125 0.0296875 0.03046875
5 0.903125 0.21171875 0.02578125 0.02890625
11 0.76328125 0.53515625 0.0421875 0.0421875
0 0.3046875 0.56328125 0.03046875 0.06484375
1 0.68203125 0.12734375 0.0375 0.0046875
7 0.3671875 0.16171875 0.03125 0.0125