11 0.48203125 0.7265625 0.04453125 0.04765625
11 0.4828125 0.378125 0.046875 0.04765625
3 0.2703125 0.18828125 0.065625 0.05859375
3 0.5859375 0.1875 0.06328125 0.06015625
3 0.65838803203125 0.70752098515625 0.70617180859375 0.70787706484375 0.7055693749999999 0.6599609937500001 0.6561668218750001 0.6599609937500001 0.65838803203125 0.70752098515625
11 0.93671875 0.3296875 0.046875 0.0484375
11 0.934375 0.56015625 0.04921875 0.04921875
11 0.9421875 0.81328125 0.06171875 0.04609375
5 0.81640625 0.228125 0.028125 0.028125
5 0.76640625 0.19921875 0.0328125 0.03125
5 0.1265625 0.2046875 0.025 0.02578125
5 0.21640625 0.52421875 0.02734375 0.0265625
1 0.73828125 0.33984375 0.03671875 0.03671875
4 0.33671875 0.128125 0.021875 0.00625
4 0.0375 0.7625 0.0265625 0.02578125
3 0.1953125 0.640625 0.05859375 0.06171875