11 0.9578125 0.77578125 0.04921875 0.04609375
11 0.7953125 0.240625 0.04375 0.04375
11 0.52109375 0.23828125 0.05 0.046875
11 0.32890625 0.2234375 0.046875 0.0453125
11 0.41171875 0.5328125 0.04453125 0.05
11 0.0546875 0.53203125 0.0515625 0.046875
2 0.23203125 0.7609375 0.278125 0.228125
1 0.809375 0.72265625 0.0359375 0.0375
3 0.7484375 0.48671875 0.06328125 0.0625
5 0.60703125 0.50546875 0.0328125 0.0390625
4 0.9703125 0.2234375 0.02734375 0.021875
4 0.55625 0.7671875 0.02734375 0.021875
4 0.16875 0.36015625 0.02109375 0.02734375
4 0.50390625 0.3609375 0.02265625 0.025
6 0.2390625 0.46484375 0.03203125 0.03203125
7 0.61484375 0.57265625 0.04296875 0.01015625
7 0.6140625 0.5578125 0.040625 0.0109375
7 0.6140625 0.54296875 0.0421875 0.01328125